frame,filename,x_min,x_max,y_min,y_max,x_c,y_c,objectID
39,NARS-13_000039.JPG,5968,6077,3124,3296,6022.5,3210.0,0
39,NARS-13_000039.JPG,5765,5988,870,1038,5876.5,954.0,1
40,NARS-13_000040.JPG,5968,6077,3124,3296,6022.5,3210.0,0
40,NARS-13_000040.JPG,5820,5992,900,1080,5906.0,990.0,1
43,NARS-13_000043.JPG,5966,6077,3136,3332,6021.5,3234.0,0
43,NARS-13_000043.JPG,5820,6019,879,1060,5919.5,969.5,1
43,NARS-13_000043.JPG,4967,5113,961,1101,5040.0,1031.0,2
45,NARS-13_000045.JPG,5756,5980,861,1051,5868.0,956.0,1
45,NARS-13_000045.JPG,4903,5032,943,1081,4967.5,1012.0,2
45,NARS-13_000045.JPG,5806,6026,3139,3326,5916.0,3232.5,0
47,NARS-13_000047.JPG,4953,5119,968,1113,5036.0,1040.5,2
47,NARS-13_000047.JPG,5855,6074,3153,3344,5964.5,3248.5,0
47,NARS-13_000047.JPG,5768,5997,921,1135,5882.5,1028.0,1
47,NARS-13_000047.JPG,5657,5798,2260,2395,5727.5,2327.5,3
47,NARS-13_000047.JPG,5413,5561,2565,2714,5487.0,2639.5,4
47,NARS-13_000047.JPG,1013,1180,747,875,1096.5,811.0,5
49,NARS-13_000049.JPG,5783,6012,867,1081,5897.5,974.0,1
49,NARS-13_000049.JPG,5657,5798,2251,2386,5727.5,2318.5,3
49,NARS-13_000049.JPG,5410,5558,2556,2705,5484.0,2630.5,4
49,NARS-13_000049.JPG,995,1162,732,860,1078.5,796.0,5
49,NARS-13_000049.JPG,4956,5122,962,1107,5039.0,1034.5,2
49,NARS-13_000049.JPG,5855,6074,3153,3344,5964.5,3248.5,0
50,NARS-13_000050.JPG,5639,5780,2245,2380,5709.5,2312.5,3
50,NARS-13_000050.JPG,986,1153,729,857,1069.5,793.0,5
50,NARS-13_000050.JPG,4954,5119,918,1094,5036.5,1006.0,2
50,NARS-13_000050.JPG,5748,5994,901,1115,5871.0,1008.0,1
50,NARS-13_000050.JPG,5820,6074,3154,3359,5947.0,3256.5,0
50,NARS-13_000050.JPG,5323,5479,2530,2692,5401.0,2611.0,4
58,NARS-13_000058.JPG,956,1169,707,877,1062.5,792.0,5
58,NARS-13_000058.JPG,5448,5627,2575,2758,5537.5,2666.5,4
58,NARS-13_000058.JPG,5041,5269,920,1130,5155.0,1025.0,2
58,NARS-13_000058.JPG,5776,5958,2269,2447,5867.0,2358.0,3
58,NARS-13_000058.JPG,5781,5960,2717,2870,5870.5,2793.5,0
58,NARS-13_000058.JPG,1221,1385,1444,1607,1303.0,1525.5,6
64,NARS-13_000064.JPG,1216,1393,1430,1602,1304.5,1516.0,6
64,NARS-13_000064.JPG,5399,5557,2567,2745,5478.0,2656.0,4
64,NARS-13_000064.JPG,950,1152,705,875,1051.0,790.0,5
64,NARS-13_000064.JPG,5691,5856,2226,2387,5773.5,2306.5,3
64,NARS-13_000064.JPG,5821,6078,3133,3340,5949.5,3236.5,0
64,NARS-13_000064.JPG,5802,6078,861,1169,5940.0,1015.0,1
64,NARS-13_000064.JPG,5008,5242,881,1100,5125.0,990.5,2
64,NARS-13_000064.JPG,5729,5886,2709,2864,5807.5,2786.5,7
65,NARS-13_000065.JPG,1216,1393,1430,1602,1304.5,1516.0,6
65,NARS-13_000065.JPG,944,1146,678,848,1045.0,763.0,5
65,NARS-13_000065.JPG,5728,6049,777,1086,5888.5,931.5,1
65,NARS-13_000065.JPG,4936,5170,842,1061,5053.0,951.5,2
65,NARS-13_000065.JPG,5671,5828,2669,2824,5749.5,2746.5,7
65,NARS-13_000065.JPG,5312,5497,2548,2747,5404.5,2647.5,4
65,NARS-13_000065.JPG,5610,5775,2206,2367,5692.5,2286.5,3
65,NARS-13_000065.JPG,5705,5991,2989,3324,5848.0,3156.5,0
67,NARS-13_000067.JPG,1216,1393,1430,1602,1304.5,1516.0,6
67,NARS-13_000067.JPG,5653,5832,2230,2392,5742.5,2311.0,3
67,NARS-13_000067.JPG,5680,5837,2678,2833,5758.5,2755.5,7
67,NARS-13_000067.JPG,944,1146,678,848,1045.0,763.0,5
67,NARS-13_000067.JPG,5324,5509,2545,2744,5416.5,2644.5,4
67,NARS-13_000067.JPG,4873,5107,830,1049,4990.0,939.5,2
67,NARS-13_000067.JPG,5719,5988,3036,3365,5853.5,3200.5,0
67,NARS-13_000067.JPG,5629,5950,835,1164,5789.5,999.5,1
68,NARS-13_000068.JPG,1213,1390,1433,1605,1301.5,1519.0,6
68,NARS-13_000068.JPG,5384,5578,2536,2753,5481.0,2644.5,4
68,NARS-13_000068.JPG,5644,5835,2210,2380,5739.5,2295.0,3
68,NARS-13_000068.JPG,5713,5878,2669,2837,5795.5,2753.0,7
68,NARS-13_000068.JPG,944,1146,659,850,1045.0,754.5,5
68,NARS-13_000068.JPG,5748,6069,3059,3371,5908.5,3215.0,0
68,NARS-13_000068.JPG,4927,5190,814,1034,5058.5,924.0,2
68,NARS-13_000068.JPG,5725,6046,693,1022,5885.5,857.5,1
71,NARS-13_000071.JPG,4898,5218,828,1112,5058.0,970.0,2
71,NARS-13_000071.JPG,927,1141,663,916,1034.0,789.5,5
71,NARS-13_000071.JPG,1184,1360,1425,1623,1272.0,1524.0,6
71,NARS-13_000071.JPG,5601,5816,2223,2414,5708.5,2318.5,3
71,NARS-13_000071.JPG,5788,6078,3093,3361,5933.0,3227.0,0
71,NARS-13_000071.JPG,5673,5980,788,1139,5826.5,963.5,1
71,NARS-13_000071.JPG,5653,5822,2732,2895,5737.5,2813.5,7
71,NARS-13_000071.JPG,5268,5453,2561,2782,5360.5,2671.5,4
71,NARS-13_000071.JPG,5966,6077,2529,2669,6021.5,2599.0,8
71,NARS-13_000071.JPG,269,478,0,89,373.5,44.5,9
72,NARS-13_000072.JPG,5967,6077,2530,2712,6022.0,2621.0,8
72,NARS-13_000072.JPG,5788,6077,3065,3363,5932.5,3214.0,0
72,NARS-13_000072.JPG,1176,1370,1421,1641,1273.0,1531.0,6
72,NARS-13_000072.JPG,930,1155,624,878,1042.5,751.0,5
72,NARS-13_000072.JPG,5687,5866,2643,2825,5776.5,2734.0,7
72,NARS-13_000072.JPG,4862,5182,810,1094,5022.0,952.0,2
72,NARS-13_000072.JPG,5580,5811,2192,2394,5695.5,2293.0,3
72,NARS-13_000072.JPG,5673,6008,731,1083,5840.5,907.0,1
72,NARS-13_000072.JPG,5268,5488,2556,2778,5378.0,2667.0,4
73,NARS-13_000073.JPG,5794,6077,3021,3347,5935.5,3184.0,0
73,NARS-13_000073.JPG,942,1167,656,922,1054.5,789.0,5
73,NARS-13_000073.JPG,1173,1367,1421,1643,1270.0,1532.0,6
73,NARS-13_000073.JPG,5650,5896,2212,2440,5773.0,2326.0,3
73,NARS-13_000073.JPG,4868,5188,816,1100,5028.0,958.0,2
73,NARS-13_000073.JPG,5381,5615,2530,2781,5498.0,2655.5,4
73,NARS-13_000073.JPG,5725,5933,2634,2842,5829.0,2738.0,7
73,NARS-13_000073.JPG,5979,6074,2585,2770,6026.5,2677.5,8
73,NARS-13_000073.JPG,5724,6059,650,1002,5891.5,826.0,1
74,NARS-13_000074.JPG,5980,6079,2551,2700,6029.5,2625.5,8
74,NARS-13_000074.JPG,938,1161,662,933,1049.5,797.5,5
74,NARS-13_000074.JPG,5836,6079,3067,3332,5957.5,3199.5,0
74,NARS-13_000074.JPG,5716,6043,795,1158,5879.5,976.5,1
74,NARS-13_000074.JPG,1163,1357,1415,1644,1260.0,1529.5,6
74,NARS-13_000074.JPG,5635,5906,2241,2466,5770.5,2353.5,3
74,NARS-13_000074.JPG,5387,5616,2521,2775,5501.5,2648.0,4
74,NARS-13_000074.JPG,4959,5270,846,1166,5114.5,1006.0,2
74,NARS-13_000074.JPG,5707,5911,2755,2962,5809.0,2858.5,7
75,NARS-13_000075.JPG,5920,6079,2544,2716,5999.5,2630.0,8
75,NARS-13_000075.JPG,5845,6080,3125,3347,5962.5,3236.0,0
75,NARS-13_000075.JPG,1133,1344,1403,1652,1238.5,1527.5,6
75,NARS-13_000075.JPG,5672,5872,2721,2933,5772.0,2827.0,7
75,NARS-13_000075.JPG,5692,6012,830,1185,5852.0,1007.5,1
75,NARS-13_000075.JPG,5545,5829,2167,2399,5687.0,2283.0,3
75,NARS-13_000075.JPG,302,579,4,150,440.5,77.0,9
75,NARS-13_000075.JPG,898,1091,589,874,994.5,731.5,5
75,NARS-13_000075.JPG,5004,5290,825,1143,5147.0,984.0,2
75,NARS-13_000075.JPG,5244,5476,2571,2809,5360.0,2690.0,4
81,NARS-13_000081.JPG,5950,6078,2540,2725,6014.0,2632.5,8
81,NARS-13_000081.JPG,957,1231,612,934,1094.0,773.0,5
81,NARS-13_000081.JPG,1127,1346,1346,1631,1236.5,1488.5,6
81,NARS-13_000081.JPG,5639,5959,2157,2419,5799.0,2288.0,3
81,NARS-13_000081.JPG,5754,5979,2713,2952,5866.5,2832.5,7
81,NARS-13_000081.JPG,5057,5320,831,1176,5188.5,1003.5,2
81,NARS-13_000081.JPG,5894,6081,876,1238,5987.5,1057.0,1
81,NARS-13_000081.JPG,5482,5715,2489,2749,5598.5,2619.0,4
82,NARS-13_000082.JPG,5950,6078,2540,2725,6014.0,2632.5,8
82,NARS-13_000082.JPG,954,1228,612,934,1091.0,773.0,5
82,NARS-13_000082.JPG,1127,1346,1352,1637,1236.5,1494.5,6
82,NARS-13_000082.JPG,5639,5959,2157,2419,5799.0,2288.0,3
82,NARS-13_000082.JPG,5772,5997,2698,2937,5884.5,2817.5,7
82,NARS-13_000082.JPG,5464,5697,2522,2782,5580.5,2652.0,4
82,NARS-13_000082.JPG,5066,5329,837,1182,5197.5,1009.5,2
82,NARS-13_000082.JPG,533,797,0,87,665.0,43.5,9
84,NARS-13_000084.JPG,943,1191,610,924,1067.0,767.0,5
84,NARS-13_000084.JPG,5964,6071,2565,2747,6017.5,2656.0,8
84,NARS-13_000084.JPG,1129,1352,1342,1634,1240.5,1488.0,6
84,NARS-13_000084.JPG,5640,5973,2138,2402,5806.5,2270.0,3
84,NARS-13_000084.JPG,5417,5678,2556,2804,5547.5,2680.0,4
84,NARS-13_000084.JPG,5784,6004,2650,2920,5894.0,2785.0,7
84,NARS-13_000084.JPG,5087,5332,827,1195,5209.5,1011.0,2
85,NARS-13_000085.JPG,943,1191,610,924,1067.0,767.0,5
85,NARS-13_000085.JPG,5964,6071,2565,2747,6017.5,2656.0,8
85,NARS-13_000085.JPG,1129,1352,1345,1637,1240.5,1491.0,6
85,NARS-13_000085.JPG,5640,5973,2138,2402,5806.5,2270.0,3
85,NARS-13_000085.JPG,5417,5678,2556,2804,5547.5,2680.0,4
85,NARS-13_000085.JPG,5784,6004,2650,2920,5894.0,2785.0,7
85,NARS-13_000085.JPG,5084,5329,827,1195,5206.5,1011.0,2
89,NARS-13_000089.JPG,919,1147,636,964,1033.0,800.0,5
89,NARS-13_000089.JPG,1112,1340,1351,1646,1226.0,1498.5,6
89,NARS-13_000089.JPG,5940,6079,2602,2807,6009.5,2704.5,8
89,NARS-13_000089.JPG,5668,5991,2142,2428,5829.5,2285.0,3
89,NARS-13_000089.JPG,5411,5662,2597,2825,5536.5,2711.0,4
89,NARS-13_000089.JPG,5800,6022,2655,2924,5911.0,2789.5,7
89,NARS-13_000089.JPG,5113,5329,847,1208,5221.0,1027.5,2
89,NARS-13_000089.JPG,5833,6079,956,1327,5956.0,1141.5,1
89,NARS-13_000089.JPG,563,853,0,127,708.0,63.5,9
92,NARS-13_000092.JPG,1100,1352,1328,1685,1226.0,1506.5,6
92,NARS-13_000092.JPG,5770,6018,2755,3031,5894.0,2893.0,7
92,NARS-13_000092.JPG,5118,5339,895,1299,5228.5,1097.0,2
92,NARS-13_000092.JPG,5541,5776,2478,2779,5658.5,2628.5,4
92,NARS-13_000092.JPG,5699,6046,2300,2607,5872.5,2453.5,3
92,NARS-13_000092.JPG,1086,1434,644,995,1260.0,819.5,5
92,NARS-13_000092.JPG,631,931,2,199,781.0,100.5,9
92,NARS-13_000092.JPG,3265,3398,2616,2795,3331.5,2705.5,10
92,NARS-13_000092.JPG,5296,5447,2961,3177,5371.5,3069.0,11
94,NARS-13_000094.JPG,5273,5471,2948,3189,5372.0,3068.5,11
94,NARS-13_000094.JPG,3245,3407,2611,2834,3326.0,2722.5,10
94,NARS-13_000094.JPG,965,1245,626,991,1105.0,808.5,5
94,NARS-13_000094.JPG,1073,1340,1314,1671,1206.5,1492.5,6
94,NARS-13_000094.JPG,5389,5675,2639,2858,5532.0,2748.5,4
94,NARS-13_000094.JPG,552,873,0,177,712.5,88.5,9
94,NARS-13_000094.JPG,5078,5351,874,1279,5214.5,1076.5,2
94,NARS-13_000094.JPG,5705,5994,2819,3072,5849.5,2945.5,7
94,NARS-13_000094.JPG,5744,6056,2268,2608,5900.0,2438.0,3
98,NARS-13_000098.JPG,4900,5294,805,1177,5097.0,991.0,2
98,NARS-13_000098.JPG,5589,5990,2133,2492,5789.5,2312.5,3
98,NARS-13_000098.JPG,5198,5559,2881,3216,5378.5,3048.5,11
98,NARS-13_000098.JPG,5352,5680,2481,2799,5516.0,2640.0,4
98,NARS-13_000098.JPG,5875,6079,3068,3354,5977.0,3211.0,0
98,NARS-13_000098.JPG,3134,3443,2601,2847,3288.5,2724.0,10
98,NARS-13_000098.JPG,906,1144,593,970,1025.0,781.5,5
98,NARS-13_000098.JPG,415,728,2,103,571.5,52.5,9
98,NARS-13_000098.JPG,5843,6078,2476,2816,5960.5,2646.0,8
98,NARS-13_000098.JPG,1024,1323,1314,1681,1173.5,1497.5,6
98,NARS-13_000098.JPG,5610,5928,884,1170,5769.0,1027.0,1
98,NARS-13_000098.JPG,5501,5888,2696,3043,5694.5,2869.5,7
98,NARS-13_000098.JPG,835,1037,395,565,936.0,480.0,12
98,NARS-13_000098.JPG,5637,5925,1689,1939,5781.0,1814.0,13
98,NARS-13_000098.JPG,1568,1740,697,852,1654.0,774.5,14
98,NARS-13_000098.JPG,3167,3328,2383,2580,3247.5,2481.5,15
98,NARS-13_000098.JPG,2673,2871,156,309,2772.0,232.5,16
101,NARS-13_000101.JPG,5630,5941,1672,1941,5785.5,1806.5,13
101,NARS-13_000101.JPG,822,1026,381,572,924.0,476.5,12
101,NARS-13_000101.JPG,5850,6080,3028,3333,5965.0,3180.5,0
101,NARS-13_000101.JPG,2670,2905,109,305,2787.5,207.0,16
101,NARS-13_000101.JPG,5193,5553,2848,3194,5373.0,3021.0,11
101,NARS-13_000101.JPG,1508,1722,672,834,1615.0,753.0,14
101,NARS-13_000101.JPG,5510,5929,2127,2479,5719.5,2303.0,3
101,NARS-13_000101.JPG,5829,6081,2442,2790,5955.0,2616.0,8
101,NARS-13_000101.JPG,898,1147,547,925,1022.5,736.0,5
101,NARS-13_000101.JPG,3123,3312,2302,2536,3217.5,2419.0,15
101,NARS-13_000101.JPG,4886,5279,757,1091,5082.5,924.0,2
101,NARS-13_000101.JPG,5640,5976,766,1080,5808.0,923.0,1
101,NARS-13_000101.JPG,1024,1290,1343,1715,1157.0,1529.0,6
101,NARS-13_000101.JPG,3068,3335,2502,2797,3201.5,2649.5,10
101,NARS-13_000101.JPG,5479,5856,2646,2992,5667.5,2819.0,7
101,NARS-13_000101.JPG,5160,5494,2458,2759,5327.0,2608.5,4
101,NARS-13_000101.JPG,5953,6080,858,1228,6016.5,1043.0,17
104,NARS-13_000104.JPG,5824,6079,3065,3329,5951.5,3197.0,0
104,NARS-13_000104.JPG,2653,2884,115,309,2768.5,212.0,16
104,NARS-13_000104.JPG,822,1020,369,558,921.0,463.5,12
104,NARS-13_000104.JPG,5657,5951,1665,1928,5804.0,1796.5,13
104,NARS-13_000104.JPG,1502,1714,686,849,1608.0,767.5,14
104,NARS-13_000104.JPG,5559,5958,2100,2441,5758.5,2270.5,3
104,NARS-13_000104.JPG,3089,3282,2320,2546,3185.5,2433.0,15
104,NARS-13_000104.JPG,5851,6079,857,1299,5965.0,1078.0,17
104,NARS-13_000104.JPG,5794,6078,2484,2799,5936.0,2641.5,8
104,NARS-13_000104.JPG,879,1105,593,964,992.0,778.5,5
104,NARS-13_000104.JPG,4838,5242,765,1116,5040.0,940.5,2
104,NARS-13_000104.JPG,5124,5466,2841,3180,5295.0,3010.5,11
104,NARS-13_000104.JPG,1029,1290,1328,1689,1159.5,1508.5,6
104,NARS-13_000104.JPG,5529,5889,2615,2953,5709.0,2784.0,7
104,NARS-13_000104.JPG,5544,5907,780,1098,5725.5,939.0,1
104,NARS-13_000104.JPG,3023,3244,2496,2782,3133.5,2639.0,10
104,NARS-13_000104.JPG,5113,5438,2551,2808,5275.5,2679.5,4
104,NARS-13_000104.JPG,4013,4189,3322,3419,4101.0,3370.5,18
104,NARS-13_000104.JPG,3870,4011,3171,3290,3940.5,3230.5,19
106,NARS-13_000106.JPG,4013,4189,3322,3419,4101.0,3370.5,18
106,NARS-13_000106.JPG,3870,4011,3171,3290,3940.5,3230.5,19
106,NARS-13_000106.JPG,5823,6077,3050,3330,5950.0,3190.0,0
106,NARS-13_000106.JPG,5647,5942,1664,1933,5794.5,1798.5,13
106,NARS-13_000106.JPG,822,1020,369,558,921.0,463.5,12
106,NARS-13_000106.JPG,2649,2880,110,309,2764.5,209.5,16
106,NARS-13_000106.JPG,1490,1715,682,852,1602.5,767.0,14
106,NARS-13_000106.JPG,3082,3281,2316,2544,3181.5,2430.0,15
106,NARS-13_000106.JPG,5851,6079,872,1314,5965.0,1093.0,17
106,NARS-13_000106.JPG,5559,5958,2100,2441,5758.5,2270.5,3
106,NARS-13_000106.JPG,5794,6078,2487,2802,5936.0,2644.5,8
106,NARS-13_000106.JPG,879,1105,596,967,992.0,781.5,5
106,NARS-13_000106.JPG,5118,5460,2841,3180,5289.0,3010.5,11
106,NARS-13_000106.JPG,1032,1293,1328,1689,1162.5,1508.5,6
106,NARS-13_000106.JPG,4838,5242,757,1118,5040.0,937.5,2
106,NARS-13_000106.JPG,5523,5883,2612,2950,5703.0,2781.0,7
106,NARS-13_000106.JPG,3021,3246,2487,2785,3133.5,2636.0,10
106,NARS-13_000106.JPG,5541,5904,777,1095,5722.5,936.0,1
106,NARS-13_000106.JPG,5113,5438,2551,2808,5275.5,2679.5,4
107,NARS-13_000107.JPG,5823,6077,3053,3333,5950.0,3193.0,0
107,NARS-13_000107.JPG,2652,2892,107,312,2772.0,209.5,16
107,NARS-13_000107.JPG,3867,4029,3168,3298,3948.0,3233.0,19
107,NARS-13_000107.JPG,822,1020,369,558,921.0,463.5,12
107,NARS-13_000107.JPG,5647,5947,1652,1932,5797.0,1792.0,13
107,NARS-13_000107.JPG,1490,1721,682,861,1605.5,771.5,14
107,NARS-13_000107.JPG,3989,4188,3304,3417,4088.5,3360.5,18
107,NARS-13_000107.JPG,5849,6077,872,1314,5963.0,1093.0,17
107,NARS-13_000107.JPG,3062,3282,2311,2548,3172.0,2429.5,15
107,NARS-13_000107.JPG,5559,5958,2100,2441,5758.5,2270.5,3
107,NARS-13_000107.JPG,5794,6078,2487,2802,5936.0,2644.5,8
107,NARS-13_000107.JPG,879,1105,599,970,992.0,784.5,5
107,NARS-13_000107.JPG,5110,5459,2842,3180,5284.5,3011.0,11
107,NARS-13_000107.JPG,1032,1293,1328,1689,1162.5,1508.5,6
107,NARS-13_000107.JPG,4838,5242,757,1118,5040.0,937.5,2
107,NARS-13_000107.JPG,5523,5883,2612,2950,5703.0,2781.0,7
107,NARS-13_000107.JPG,3021,3246,2490,2788,3133.5,2639.0,10
107,NARS-13_000107.JPG,5534,5898,768,1094,5716.0,931.0,1
107,NARS-13_000107.JPG,5113,5438,2560,2817,5275.5,2688.5,4
109,NARS-13_000109.JPG,2652,2898,107,324,2775.0,215.5,16
109,NARS-13_000109.JPG,5823,6077,3053,3333,5950.0,3193.0,0
109,NARS-13_000109.JPG,3867,4029,3168,3298,3948.0,3233.0,19
109,NARS-13_000109.JPG,817,1022,370,575,919.5,472.5,12
109,NARS-13_000109.JPG,3989,4188,3304,3417,4088.5,3360.5,18
109,NARS-13_000109.JPG,5656,5956,1655,1935,5806.0,1795.0,13
109,NARS-13_000109.JPG,1487,1718,685,864,1602.5,774.5,14
109,NARS-13_000109.JPG,5849,6077,875,1328,5963.0,1101.5,17
109,NARS-13_000109.JPG,3062,3282,2314,2551,3172.0,2432.5,15
109,NARS-13_000109.JPG,5560,5959,2094,2441,5759.5,2267.5,3
109,NARS-13_000109.JPG,5782,6077,2487,2808,5929.5,2647.5,8
109,NARS-13_000109.JPG,5101,5450,2842,3180,5275.5,3011.0,11
109,NARS-13_000109.JPG,1041,1302,1337,1698,1171.5,1517.5,6
109,NARS-13_000109.JPG,876,1102,611,982,989.0,796.5,5
109,NARS-13_000109.JPG,4838,5242,757,1118,5040.0,937.5,2
109,NARS-13_000109.JPG,5520,5881,2605,2946,5700.5,2775.5,7
109,NARS-13_000109.JPG,3012,3237,2496,2794,3124.5,2645.0,10
109,NARS-13_000109.JPG,5537,5901,762,1088,5719.0,925.0,1
109,NARS-13_000109.JPG,5110,5435,2563,2820,5272.5,2691.5,4
114,NARS-13_000114.JPG,450,745,0,94,597.5,47.0,9
114,NARS-13_000114.JPG,5843,6079,890,1227,5961.0,1058.5,17
114,NARS-13_000114.JPG,3841,4002,3191,3325,3921.5,3258.0,19
114,NARS-13_000114.JPG,5865,6077,3119,3363,5971.0,3241.0,0
114,NARS-13_000114.JPG,775,971,405,607,873.0,506.0,12
114,NARS-13_000114.JPG,3061,3336,2616,2853,3198.5,2734.5,10
114,NARS-13_000114.JPG,874,1109,629,995,991.5,812.0,5
114,NARS-13_000114.JPG,5764,6000,1677,1952,5882.0,1814.5,13
114,NARS-13_000114.JPG,1022,1280,1370,1712,1151.0,1541.0,6
114,NARS-13_000114.JPG,3064,3276,2410,2645,3170.0,2527.5,15
114,NARS-13_000114.JPG,5581,5928,2741,3055,5754.5,2898.0,7
114,NARS-13_000114.JPG,5042,5349,784,1152,5195.5,968.0,2
114,NARS-13_000114.JPG,5152,5502,3024,3269,5327.0,3146.5,11
114,NARS-13_000114.JPG,5690,6054,2186,2540,5872.0,2363.0,3
114,NARS-13_000114.JPG,5171,5494,2618,2855,5332.5,2736.5,4
114,NARS-13_000114.JPG,5859,6078,2721,2882,5968.5,2801.5,8
114,NARS-13_000114.JPG,1533,1739,842,1069,1636.0,955.5,14
114,NARS-13_000114.JPG,2829,3039,220,431,2934.0,325.5,16
114,NARS-13_000114.JPG,5044,5167,2607,2759,5105.5,2683.0,20
115,NARS-13_000115.JPG,451,757,0,107,604.0,53.5,9
115,NARS-13_000115.JPG,5852,6080,933,1274,5966.0,1103.5,17
115,NARS-13_000115.JPG,3842,4027,3192,3354,3934.5,3273.0,19
115,NARS-13_000115.JPG,5886,6077,3119,3362,5981.5,3240.5,0
115,NARS-13_000115.JPG,774,970,404,629,872.0,516.5,12
115,NARS-13_000115.JPG,5739,6002,1669,1952,5870.5,1810.5,13
115,NARS-13_000115.JPG,3079,3365,2617,2877,3222.0,2747.0,10
115,NARS-13_000115.JPG,855,1118,630,1017,986.5,823.5,5
115,NARS-13_000115.JPG,5112,5259,2579,2761,5185.5,2670.0,20
115,NARS-13_000115.JPG,1022,1279,1369,1730,1150.5,1549.5,6
115,NARS-13_000115.JPG,5635,5950,2750,3065,5792.5,2907.5,7
115,NARS-13_000115.JPG,3111,3322,2429,2672,3216.5,2550.5,15
115,NARS-13_000115.JPG,5199,5528,2617,2868,5363.5,2742.5,4
115,NARS-13_000115.JPG,5066,5372,809,1199,5219.0,1004.0,2
115,NARS-13_000115.JPG,5219,5568,3024,3284,5393.5,3154.0,11
115,NARS-13_000115.JPG,5719,6063,2215,2570,5891.0,2392.5,3
115,NARS-13_000115.JPG,5895,6077,2738,2882,5986.0,2810.0,8
115,NARS-13_000115.JPG,1574,1802,838,1081,1688.0,959.5,14
115,NARS-13_000115.JPG,2828,3056,220,460,2942.0,340.0,16
116,NARS-13_000116.JPG,898,1177,616,997,1037.5,806.5,5
116,NARS-13_000116.JPG,5662,5977,2647,2991,5819.5,2819.0,7
116,NARS-13_000116.JPG,802,1015,401,625,908.5,513.0,12
116,NARS-13_000116.JPG,490,794,1,146,642.0,73.5,9
116,NARS-13_000116.JPG,5728,6005,1694,1964,5866.5,1829.0,13
116,NARS-13_000116.JPG,3867,4047,3216,3379,3957.0,3297.5,19
116,NARS-13_000116.JPG,5901,6077,3119,3365,5989.0,3242.0,0
116,NARS-13_000116.JPG,5584,5991,2201,2553,5787.5,2377.0,3
116,NARS-13_000116.JPG,2723,2990,166,428,2856.5,297.0,16
116,NARS-13_000116.JPG,5094,5262,2519,2708,5178.0,2613.5,20
116,NARS-13_000116.JPG,5808,6076,987,1325,5942.0,1156.0,17
116,NARS-13_000116.JPG,1022,1277,1372,1720,1149.5,1546.0,6
116,NARS-13_000116.JPG,3126,3451,2642,2868,3288.5,2755.0,10
116,NARS-13_000116.JPG,5953,6077,2689,2851,6015.0,2770.0,8
116,NARS-13_000116.JPG,5431,5699,2566,2841,5565.0,2703.5,4
116,NARS-13_000116.JPG,5033,5350,883,1296,5191.5,1089.5,2
116,NARS-13_000116.JPG,1626,1903,806,1040,1764.5,923.0,14
116,NARS-13_000116.JPG,5357,5667,2897,3227,5512.0,3062.0,11
116,NARS-13_000116.JPG,3259,3473,2437,2691,3366.0,2564.0,15
117,NARS-13_000117.JPG,5897,6077,2526,2820,5987.0,2673.0,8
117,NARS-13_000117.JPG,918,1190,592,961,1054.0,776.5,5
117,NARS-13_000117.JPG,786,1009,349,593,897.5,471.0,12
117,NARS-13_000117.JPG,492,782,0,119,637.0,59.5,9
117,NARS-13_000117.JPG,4006,4254,3336,3417,4130.0,3376.5,18
117,NARS-13_000117.JPG,5670,5962,1707,1990,5816.0,1848.5,13
117,NARS-13_000117.JPG,5904,6077,3115,3349,5990.5,3232.0,0
117,NARS-13_000117.JPG,5107,5316,2585,2785,5211.5,2685.0,20
117,NARS-13_000117.JPG,2711,2992,167,444,2851.5,305.5,16
117,NARS-13_000117.JPG,3133,3459,2550,2823,3296.0,2686.5,10
117,NARS-13_000117.JPG,3872,4080,3229,3418,3976.0,3323.5,19
117,NARS-13_000117.JPG,1029,1290,1398,1739,1159.5,1568.5,6
117,NARS-13_000117.JPG,5657,6031,873,1254,5844.0,1063.5,1
117,NARS-13_000117.JPG,5676,5986,2759,3061,5831.0,2910.0,7
117,NARS-13_000117.JPG,5298,5637,2919,3223,5467.5,3071.0,11
117,NARS-13_000117.JPG,1597,1906,763,1014,1751.5,888.5,14
117,NARS-13_000117.JPG,5028,5348,881,1298,5188.0,1089.5,2
117,NARS-13_000117.JPG,5702,6067,2215,2561,5884.5,2388.0,3
117,NARS-13_000117.JPG,5494,5757,2549,2831,5625.5,2690.0,4
117,NARS-13_000117.JPG,3351,3574,2380,2661,3462.5,2520.5,15
117,NARS-13_000117.JPG,4486,4622,3119,3315,4554.0,3217.0,21
117,NARS-13_000117.JPG,5036,5162,2748,2902,5099.0,2825.0,22
117,NARS-13_000117.JPG,3538,3671,2028,2198,3604.5,2113.0,23
118,NARS-13_000118.JPG,441,757,3,133,599.0,68.0,9
118,NARS-13_000118.JPG,4462,4613,3136,3324,4537.5,3230.0,21
118,NARS-13_000118.JPG,904,1150,607,975,1027.0,791.0,5
118,NARS-13_000118.JPG,3501,3660,2033,2221,3580.5,2127.0,23
118,NARS-13_000118.JPG,810,1045,388,643,927.5,515.5,12
118,NARS-13_000118.JPG,4996,5130,2755,2917,5063.0,2836.0,22
118,NARS-13_000118.JPG,3929,4202,3336,3420,4065.5,3378.0,18
118,NARS-13_000118.JPG,5681,5981,1707,1997,5831.0,1852.0,13
118,NARS-13_000118.JPG,5886,6078,3120,3359,5982.0,3239.5,0
118,NARS-13_000118.JPG,3091,3386,2616,2860,3238.5,2738.0,10
118,NARS-13_000118.JPG,3821,4025,3203,3410,3923.0,3306.5,19
118,NARS-13_000118.JPG,5220,5589,2945,3239,5404.5,3092.0,11
118,NARS-13_000118.JPG,1466,1738,751,1004,1602.0,877.5,14
118,NARS-13_000118.JPG,5362,5655,2584,2840,5508.5,2712.0,4
118,NARS-13_000118.JPG,2702,3005,188,462,2853.5,325.0,16
118,NARS-13_000118.JPG,1036,1300,1409,1750,1168.0,1579.5,6
118,NARS-13_000118.JPG,5899,6078,2686,2833,5988.5,2759.5,8
118,NARS-13_000118.JPG,4959,5178,2575,2795,5068.5,2685.0,20
118,NARS-13_000118.JPG,5665,6041,2234,2570,5853.0,2402.0,3
118,NARS-13_000118.JPG,5668,6031,890,1283,5849.5,1086.5,1
118,NARS-13_000118.JPG,4985,5340,898,1311,5162.5,1104.5,2
118,NARS-13_000118.JPG,3206,3474,2401,2702,3340.0,2551.5,15
118,NARS-13_000118.JPG,5632,5969,2814,3084,5800.5,2949.0,7
121,NARS-13_000121.JPG,5735,6074,3037,3338,5904.5,3187.5,0
121,NARS-13_000121.JPG,761,1007,268,588,884.0,428.0,12
121,NARS-13_000121.JPG,1029,1280,1393,1731,1154.5,1562.0,6
121,NARS-13_000121.JPG,3782,4089,3281,3418,3935.5,3349.5,19
121,NARS-13_000121.JPG,5751,6015,892,1335,5883.0,1113.5,17
121,NARS-13_000121.JPG,4896,5100,2689,2853,4998.0,2771.0,22
121,NARS-13_000121.JPG,4333,4552,3090,3321,4442.5,3205.5,21
121,NARS-13_000121.JPG,844,1066,523,887,955.0,705.0,5
121,NARS-13_000121.JPG,5122,5422,2479,2784,5272.0,2631.5,20
121,NARS-13_000121.JPG,3330,3538,1973,2165,3434.0,2069.0,23
121,NARS-13_000121.JPG,5417,5762,2599,2944,5589.5,2771.5,4
121,NARS-13_000121.JPG,2992,3256,2201,2542,3124.0,2371.5,15
121,NARS-13_000121.JPG,2959,3183,2473,2773,3071.0,2623.0,10
121,NARS-13_000121.JPG,5411,5776,2145,2487,5593.5,2316.0,3
121,NARS-13_000121.JPG,5668,5937,2456,2791,5802.5,2623.5,8
121,NARS-13_000121.JPG,2506,2782,45,344,2644.0,194.5,16
121,NARS-13_000121.JPG,1362,1592,566,906,1477.0,736.0,14
121,NARS-13_000121.JPG,5028,5341,2783,3153,5184.5,2968.0,11
121,NARS-13_000121.JPG,5429,5848,797,1205,5638.5,1001.0,1
121,NARS-13_000121.JPG,4694,5071,815,1212,4882.5,1013.5,2
121,NARS-13_000121.JPG,255,507,0,77,381.0,38.5,9
121,NARS-13_000121.JPG,5473,5806,1477,1778,5639.5,1627.5,13
121,NARS-13_000121.JPG,3740,3938,3118,3382,3839.0,3250.0,18
121,NARS-13_000121.JPG,4889,5165,2451,2734,5027.0,2592.5,24
121,NARS-13_000121.JPG,5000,5204,2206,2393,5102.0,2299.5,25
121,NARS-13_000121.JPG,2784,2928,2351,2504,2856.0,2427.5,26
121,NARS-13_000121.JPG,3416,3558,1673,1827,3487.0,1750.0,27
125,NARS-13_000125.JPG,2770,2943,2337,2519,2856.5,2428.0,26
125,NARS-13_000125.JPG,5785,6077,3062,3339,5931.0,3200.5,0
125,NARS-13_000125.JPG,3872,4195,3296,3417,4033.5,3356.5,18
125,NARS-13_000125.JPG,3391,3547,1626,1812,3469.0,1719.0,27
125,NARS-13_000125.JPG,4941,5187,2158,2381,5064.0,2269.5,25
125,NARS-13_000125.JPG,4861,5144,2405,2696,5002.5,2550.5,24
125,NARS-13_000125.JPG,3769,3988,3110,3392,3878.5,3251.0,19
125,NARS-13_000125.JPG,4321,4574,3070,3319,4447.5,3194.5,21
125,NARS-13_000125.JPG,1028,1286,1399,1731,1157.0,1565.0,6
125,NARS-13_000125.JPG,864,1081,530,894,972.5,712.0,5
125,NARS-13_000125.JPG,760,1016,226,535,888.0,380.5,12
125,NARS-13_000125.JPG,5621,5943,1529,1866,5782.0,1697.5,13
125,NARS-13_000125.JPG,4850,5096,2637,2836,4973.0,2736.5,22
125,NARS-13_000125.JPG,5211,5525,2445,2759,5368.0,2602.0,4
125,NARS-13_000125.JPG,5856,6077,763,1191,5966.5,977.0,17
125,NARS-13_000125.JPG,5073,5435,2806,3164,5254.0,2985.0,11
125,NARS-13_000125.JPG,5536,5952,724,1095,5744.0,909.5,1
125,NARS-13_000125.JPG,5734,6061,2399,2760,5897.5,2579.5,8
125,NARS-13_000125.JPG,3301,3551,1940,2145,3426.0,2042.5,23
125,NARS-13_000125.JPG,5460,5839,2110,2463,5649.5,2286.5,3
125,NARS-13_000125.JPG,5525,5873,2549,2901,5699.0,2725.0,7
125,NARS-13_000125.JPG,2991,3210,2435,2754,3100.5,2594.5,10
125,NARS-13_000125.JPG,4749,5165,790,1161,4957.0,975.5,2
125,NARS-13_000125.JPG,2516,2843,2,322,2679.5,162.0,16
125,NARS-13_000125.JPG,3027,3317,2153,2496,3172.0,2324.5,15
125,NARS-13_000125.JPG,1361,1635,531,895,1498.0,713.0,14
125,NARS-13_000125.JPG,1999,2207,765,909,2103.0,837.0,28
127,NARS-13_000127.JPG,2773,2946,2340,2522,2859.5,2431.0,26
127,NARS-13_000127.JPG,1999,2221,774,924,2110.0,849.0,28
127,NARS-13_000127.JPG,4347,4621,3096,3344,4484.0,3220.0,21
127,NARS-13_000127.JPG,3391,3573,1617,1816,3482.0,1716.5,27
127,NARS-13_000127.JPG,5785,6077,3053,3339,5931.0,3196.0,0
127,NARS-13_000127.JPG,4945,5219,2143,2380,5082.0,2261.5,25
127,NARS-13_000127.JPG,4881,5187,2412,2704,5034.0,2558.0,24
127,NARS-13_000127.JPG,3891,4287,3247,3417,4089.0,3332.0,18
127,NARS-13_000127.JPG,3772,4003,3111,3394,3887.5,3252.5,19
127,NARS-13_000127.JPG,4858,5132,2654,2853,4995.0,2753.5,22
127,NARS-13_000127.JPG,5846,6077,797,1239,5961.5,1018.0,17
127,NARS-13_000127.JPG,1028,1285,1389,1730,1156.5,1559.5,6
127,NARS-13_000127.JPG,5580,5958,748,1135,5769.0,941.5,1
127,NARS-13_000127.JPG,864,1110,529,910,987.0,719.5,5
127,NARS-13_000127.JPG,5101,5485,2805,3163,5293.0,2984.0,11
127,NARS-13_000127.JPG,3307,3561,1941,2163,3434.0,2052.0,23
127,NARS-13_000127.JPG,5494,5893,2106,2458,5693.5,2282.0,3
127,NARS-13_000127.JPG,760,1016,226,535,888.0,380.5,12
127,NARS-13_000127.JPG,5638,5959,1522,1863,5798.5,1692.5,13
127,NARS-13_000127.JPG,4786,5202,786,1176,4994.0,981.0,2
127,NARS-13_000127.JPG,5749,6076,2399,2760,5912.5,2579.5,8
127,NARS-13_000127.JPG,5211,5525,2445,2759,5368.0,2602.0,4
127,NARS-13_000127.JPG,2542,2900,3,324,2721.0,163.5,16
127,NARS-13_000127.JPG,2992,3238,2438,2756,3115.0,2597.0,10
127,NARS-13_000127.JPG,5525,5873,2549,2901,5699.0,2725.0,7
127,NARS-13_000127.JPG,1386,1686,534,898,1536.0,716.0,14
127,NARS-13_000127.JPG,3027,3339,2152,2496,3183.0,2324.0,15
129,NARS-13_000129.JPG,2764,2955,2337,2524,2859.5,2430.5,26
129,NARS-13_000129.JPG,5821,6079,3051,3333,5950.0,3192.0,0
129,NARS-13_000129.JPG,4352,4652,3094,3344,4502.0,3219.0,21
129,NARS-13_000129.JPG,4974,5225,2158,2402,5099.5,2280.0,25
129,NARS-13_000129.JPG,2003,2222,789,938,2112.5,863.5,28
129,NARS-13_000129.JPG,3427,3608,1626,1825,3517.5,1725.5,27
129,NARS-13_000129.JPG,4908,5173,2644,2848,5040.5,2746.0,22
129,NARS-13_000129.JPG,3781,4005,3112,3403,3893.0,3257.5,19
129,NARS-13_000129.JPG,5833,6077,814,1253,5955.0,1033.5,17
129,NARS-13_000129.JPG,3325,3587,1945,2171,3456.0,2058.0,23
129,NARS-13_000129.JPG,5634,5987,725,1129,5810.5,927.0,1
129,NARS-13_000129.JPG,3927,4283,3218,3417,4105.0,3317.5,18
129,NARS-13_000129.JPG,5519,5918,2109,2474,5718.5,2291.5,3
129,NARS-13_000129.JPG,5130,5543,2790,3167,5336.5,2978.5,11
129,NARS-13_000129.JPG,1020,1292,1385,1726,1156.0,1555.5,6
129,NARS-13_000129.JPG,4814,5241,789,1185,5027.5,987.0,2
129,NARS-13_000129.JPG,5283,5603,2431,2751,5443.0,2591.0,4
129,NARS-13_000129.JPG,862,1125,530,898,993.5,714.0,5
129,NARS-13_000129.JPG,3014,3284,2450,2773,3149.0,2611.5,10
129,NARS-13_000129.JPG,4936,5272,2390,2703,5104.0,2546.5,24
129,NARS-13_000129.JPG,5562,5923,2547,2921,5742.5,2734.0,7
129,NARS-13_000129.JPG,5636,5959,1509,1865,5797.5,1687.0,13
129,NARS-13_000129.JPG,754,1045,206,526,899.5,366.0,12
129,NARS-13_000129.JPG,2553,2942,0,303,2747.5,151.5,16
129,NARS-13_000129.JPG,1375,1735,536,906,1555.0,721.0,14
129,NARS-13_000129.JPG,5746,6077,2378,2762,5911.5,2570.0,8
129,NARS-13_000129.JPG,3053,3378,2141,2496,3215.5,2318.5,15
130,NARS-13_000130.JPG,2764,2955,2337,2524,2859.5,2430.5,26
130,NARS-13_000130.JPG,4965,5216,2155,2399,5090.5,2277.0,25
130,NARS-13_000130.JPG,5821,6079,3051,3333,5950.0,3192.0,0
130,NARS-13_000130.JPG,4350,4616,3085,3336,4483.0,3210.5,21
130,NARS-13_000130.JPG,1999,2219,786,945,2109.0,865.5,28
130,NARS-13_000130.JPG,3415,3596,1629,1828,3505.5,1728.5,27
130,NARS-13_000130.JPG,3914,4258,3244,3417,4086.0,3330.5,18
130,NARS-13_000130.JPG,4893,5158,2638,2842,5025.5,2740.0,22
130,NARS-13_000130.JPG,4909,5245,2372,2685,5077.0,2528.5,24
130,NARS-13_000130.JPG,3313,3575,1942,2168,3444.0,2055.0,23
130,NARS-13_000130.JPG,5829,6075,809,1236,5952.0,1022.5,17
130,NARS-13_000130.JPG,3769,3980,3119,3391,3874.5,3255.0,19
130,NARS-13_000130.JPG,1020,1292,1385,1726,1156.0,1555.5,6
130,NARS-13_000130.JPG,5501,5900,2112,2477,5700.5,2294.5,3
130,NARS-13_000130.JPG,5601,5954,725,1129,5777.5,927.0,1
130,NARS-13_000130.JPG,5283,5603,2431,2751,5443.0,2591.0,4
130,NARS-13_000130.JPG,3001,3270,2475,2778,3135.5,2626.5,10
130,NARS-13_000130.JPG,862,1125,524,892,993.5,708.0,5
130,NARS-13_000130.JPG,736,1027,218,538,881.5,378.0,12
130,NARS-13_000130.JPG,5081,5462,2790,3168,5271.5,2979.0,11
130,NARS-13_000130.JPG,5560,5898,2550,2899,5729.0,2724.5,7
130,NARS-13_000130.JPG,4778,5205,789,1185,4991.5,987.0,2
130,NARS-13_000130.JPG,2523,2912,0,303,2717.5,151.5,16
130,NARS-13_000130.JPG,1369,1692,546,907,1530.5,726.5,14
130,NARS-13_000130.JPG,5736,6077,2377,2738,5906.5,2557.5,8
130,NARS-13_000130.JPG,5591,5914,1488,1844,5752.5,1666.0,13
130,NARS-13_000130.JPG,3033,3333,2140,2495,3183.0,2317.5,15
134,NARS-13_000134.JPG,2762,2949,2337,2525,2855.5,2431.0,26
134,NARS-13_000134.JPG,5815,6078,3051,3339,5946.5,3195.0,0
134,NARS-13_000134.JPG,1987,2210,786,944,2098.5,865.0,28
134,NARS-13_000134.JPG,4902,5227,2409,2715,5064.5,2562.0,24
134,NARS-13_000134.JPG,5859,6079,836,1269,5969.0,1052.5,17
134,NARS-13_000134.JPG,4330,4616,3082,3329,4473.0,3205.5,21
134,NARS-13_000134.JPG,4944,5211,2173,2428,5077.5,2300.5,25
134,NARS-13_000134.JPG,3415,3595,1647,1853,3505.0,1750.0,27
134,NARS-13_000134.JPG,3856,4218,3287,3419,4037.0,3353.0,18
134,NARS-13_000134.JPG,3319,3583,1954,2187,3451.0,2070.5,23
134,NARS-13_000134.JPG,3009,3329,2493,2794,3169.0,2643.5,10
134,NARS-13_000134.JPG,5318,5641,2478,2784,5479.5,2631.0,4
134,NARS-13_000134.JPG,5582,5996,777,1199,5789.0,988.0,1
134,NARS-13_000134.JPG,4848,5111,2639,2849,4979.5,2744.0,22
134,NARS-13_000134.JPG,5568,5927,2579,2949,5747.5,2764.0,7
134,NARS-13_000134.JPG,2556,2939,17,357,2747.5,187.0,16
134,NARS-13_000134.JPG,3757,3978,3107,3399,3867.5,3253.0,19
134,NARS-13_000134.JPG,1021,1290,1382,1722,1155.5,1552.0,6
134,NARS-13_000134.JPG,745,1007,230,555,876.0,392.5,12
134,NARS-13_000134.JPG,5583,5918,1539,1898,5750.5,1718.5,13
134,NARS-13_000134.JPG,5743,6076,2427,2798,5909.5,2612.5,8
134,NARS-13_000134.JPG,5075,5479,2806,3175,5277.0,2990.5,11
134,NARS-13_000134.JPG,5490,5891,2131,2492,5690.5,2311.5,3
134,NARS-13_000134.JPG,4809,5226,819,1235,5017.5,1027.0,2
134,NARS-13_000134.JPG,3026,3340,2198,2541,3183.0,2369.5,15
134,NARS-13_000134.JPG,1372,1703,582,937,1537.5,759.5,14
134,NARS-13_000134.JPG,859,1105,505,879,982.0,692.0,5
134,NARS-13_000134.JPG,266,519,1,99,392.5,50.0,9
135,NARS-13_000135.JPG,5815,6078,3051,3339,5946.5,3195.0,0
135,NARS-13_000135.JPG,2761,2949,2316,2524,2855.0,2420.0,26
135,NARS-13_000135.JPG,1990,2213,795,953,2101.5,874.0,28
135,NARS-13_000135.JPG,4330,4616,3082,3329,4473.0,3205.5,21
135,NARS-13_000135.JPG,5817,6077,835,1268,5947.0,1051.5,17
135,NARS-13_000135.JPG,3405,3593,1646,1863,3499.0,1754.5,27
135,NARS-13_000135.JPG,4936,5210,2169,2438,5073.0,2303.5,25
135,NARS-13_000135.JPG,3856,4218,3287,3419,4037.0,3353.0,18
135,NARS-13_000135.JPG,4860,5185,2409,2715,5022.5,2562.0,24
135,NARS-13_000135.JPG,5318,5641,2478,2784,5479.5,2631.0,4
135,NARS-13_000135.JPG,2997,3317,2496,2797,3157.0,2646.5,10
135,NARS-13_000135.JPG,3293,3573,1955,2189,3433.0,2072.0,23
135,NARS-13_000135.JPG,4839,5102,2654,2864,4970.5,2759.0,22
135,NARS-13_000135.JPG,3757,3978,3107,3399,3867.5,3253.0,19
135,NARS-13_000135.JPG,2541,2924,29,369,2732.5,199.0,16
135,NARS-13_000135.JPG,742,1004,233,558,873.0,395.5,12
135,NARS-13_000135.JPG,1020,1289,1381,1730,1154.5,1555.5,6
135,NARS-13_000135.JPG,5564,5978,777,1199,5771.0,988.0,1
135,NARS-13_000135.JPG,5743,6076,2421,2792,5909.5,2606.5,8
135,NARS-13_000135.JPG,5490,5891,2131,2492,5690.5,2311.5,3
135,NARS-13_000135.JPG,3026,3340,2195,2538,3183.0,2366.5,15
135,NARS-13_000135.JPG,5541,5900,2558,2928,5720.5,2743.0,7
135,NARS-13_000135.JPG,1354,1685,591,946,1519.5,768.5,14
135,NARS-13_000135.JPG,862,1108,508,882,985.0,695.0,5
135,NARS-13_000135.JPG,5554,5898,1528,1886,5726.0,1707.0,13
135,NARS-13_000135.JPG,4775,5205,820,1236,4990.0,1028.0,2
135,NARS-13_000135.JPG,5043,5424,2810,3177,5233.5,2993.5,11
135,NARS-13_000135.JPG,254,508,0,107,381.0,53.5,9
136,NARS-13_000136.JPG,2761,2949,2316,2550,2855.0,2433.0,26
136,NARS-13_000136.JPG,5815,6078,3051,3339,5946.5,3195.0,0
136,NARS-13_000136.JPG,4330,4616,3085,3332,4473.0,3208.5,21
136,NARS-13_000136.JPG,5826,6077,835,1268,5951.5,1051.5,17
136,NARS-13_000136.JPG,2571,2955,49,396,2763.0,222.5,16
136,NARS-13_000136.JPG,3856,4218,3287,3419,4037.0,3353.0,18
136,NARS-13_000136.JPG,3311,3591,1979,2213,3451.0,2096.0,23
136,NARS-13_000136.JPG,2016,2253,803,962,2134.5,882.5,28
136,NARS-13_000136.JPG,5318,5641,2478,2784,5479.5,2631.0,4
136,NARS-13_000136.JPG,2994,3314,2499,2800,3154.0,2649.5,10
136,NARS-13_000136.JPG,4861,5187,2446,2744,5024.0,2595.0,24
136,NARS-13_000136.JPG,4951,5225,2199,2468,5088.0,2333.5,25
136,NARS-13_000136.JPG,5599,5943,1540,1898,5771.0,1719.0,13
136,NARS-13_000136.JPG,3757,3978,3107,3399,3867.5,3253.0,19
136,NARS-13_000136.JPG,3027,3342,2215,2567,3184.5,2391.0,15
136,NARS-13_000136.JPG,1026,1295,1384,1733,1160.5,1558.5,6
136,NARS-13_000136.JPG,4836,5099,2696,2906,4967.5,2801.0,22
136,NARS-13_000136.JPG,727,989,242,567,858.0,404.5,12
136,NARS-13_000136.JPG,1378,1696,635,956,1537.0,795.5,14
136,NARS-13_000136.JPG,5742,6074,2455,2793,5908.0,2624.0,8
136,NARS-13_000136.JPG,3459,3647,1655,1872,3553.0,1763.5,27
136,NARS-13_000136.JPG,5490,5891,2131,2492,5690.5,2311.5,3
136,NARS-13_000136.JPG,5061,5442,2831,3198,5251.5,3014.5,11
136,NARS-13_000136.JPG,5541,5900,2558,2928,5720.5,2743.0,7
136,NARS-13_000136.JPG,862,1108,511,885,985.0,698.0,5
136,NARS-13_000136.JPG,4803,5204,817,1236,5003.5,1026.5,2
136,NARS-13_000136.JPG,5551,5952,835,1257,5751.5,1046.0,1
136,NARS-13_000136.JPG,254,508,0,107,381.0,53.5,9
138,NARS-13_000138.JPG,3896,4220,3308,3419,4058.0,3363.5,18
138,NARS-13_000138.JPG,5576,5951,2613,2970,5763.5,2791.5,7
138,NARS-13_000138.JPG,5803,6079,858,1290,5941.0,1074.0,17
138,NARS-13_000138.JPG,5789,6080,3094,3346,5934.5,3220.0,0
138,NARS-13_000138.JPG,3777,4012,3160,3420,3894.5,3290.0,19
138,NARS-13_000138.JPG,4343,4627,3139,3359,4485.0,3249.0,21
138,NARS-13_000138.JPG,3319,3606,1987,2241,3462.5,2114.0,23
138,NARS-13_000138.JPG,2756,2977,2373,2576,2866.5,2474.5,26
138,NARS-13_000138.JPG,5246,5568,2492,2788,5407.0,2640.0,4
138,NARS-13_000138.JPG,5504,5902,2142,2513,5703.0,2327.5,3
138,NARS-13_000138.JPG,1020,1291,1399,1731,1155.5,1565.0,6
138,NARS-13_000138.JPG,5597,5973,807,1236,5785.0,1021.5,1
138,NARS-13_000138.JPG,5657,5987,1521,1887,5822.0,1704.0,13
138,NARS-13_000138.JPG,854,1115,529,912,984.5,720.5,5
138,NARS-13_000138.JPG,3409,3603,1687,1928,3506.0,1807.5,27
138,NARS-13_000138.JPG,2995,3281,2258,2589,3138.0,2423.5,15
138,NARS-13_000138.JPG,2986,3231,2529,2834,3108.5,2681.5,10
138,NARS-13_000138.JPG,4819,5086,2734,2960,4952.5,2847.0,22
138,NARS-13_000138.JPG,718,904,241,568,811.0,404.5,12
138,NARS-13_000138.JPG,2028,2253,861,1066,2140.5,963.5,28
138,NARS-13_000138.JPG,2650,2995,163,486,2822.5,324.5,16
138,NARS-13_000138.JPG,1360,1657,712,1005,1508.5,858.5,14
138,NARS-13_000138.JPG,4910,5217,2543,2816,5063.5,2679.5,20
138,NARS-13_000138.JPG,4760,5192,830,1249,4976.0,1039.5,2
138,NARS-13_000138.JPG,5701,5987,2467,2838,5844.0,2652.5,8
138,NARS-13_000138.JPG,4959,5245,2293,2539,5102.0,2416.0,25
138,NARS-13_000138.JPG,274,519,0,138,396.5,69.0,9
138,NARS-13_000138.JPG,4980,5235,2814,3186,5107.5,3000.0,11
138,NARS-13_000138.JPG,4797,4923,1191,1316,4860.0,1253.5,29
144,NARS-13_000144.JPG,4321,4655,3098,3348,4488.0,3223.0,21
144,NARS-13_000144.JPG,5782,6077,3082,3354,5929.5,3218.0,0
144,NARS-13_000144.JPG,2707,2978,2349,2585,2842.5,2467.0,26
144,NARS-13_000144.JPG,3254,3607,1919,2251,3430.5,2085.0,23
144,NARS-13_000144.JPG,4857,5147,2411,2712,5002.0,2561.5,24
144,NARS-13_000144.JPG,3855,4185,3315,3418,4020.0,3366.5,18
144,NARS-13_000144.JPG,5768,6078,831,1242,5923.0,1036.5,17
144,NARS-13_000144.JPG,5254,5568,2542,2810,5411.0,2676.0,4
144,NARS-13_000144.JPG,4822,5099,2644,2934,4960.5,2789.0,22
144,NARS-13_000144.JPG,866,1080,568,936,973.0,752.0,5
144,NARS-13_000144.JPG,1040,1286,1415,1734,1163.0,1574.5,6
144,NARS-13_000144.JPG,5559,5922,1554,1881,5740.5,1717.5,13
144,NARS-13_000144.JPG,3743,3951,3081,3379,3847.0,3230.0,19
144,NARS-13_000144.JPG,2993,3215,2522,2836,3104.0,2679.0,10
144,NARS-13_000144.JPG,723,918,249,565,820.5,407.0,12
144,NARS-13_000144.JPG,4871,5161,2088,2422,5016.0,2255.0,25
144,NARS-13_000144.JPG,5506,5856,2659,3001,5681.0,2830.0,7
144,NARS-13_000144.JPG,5719,6006,2434,2778,5862.5,2606.0,8
144,NARS-13_000144.JPG,1898,2124,737,1082,2011.0,909.5,28
144,NARS-13_000144.JPG,2505,2836,94,442,2670.5,268.0,16
144,NARS-13_000144.JPG,5469,5862,2220,2563,5665.5,2391.5,3
144,NARS-13_000144.JPG,1334,1580,670,977,1457.0,823.5,14
144,NARS-13_000144.JPG,4731,5138,791,1172,4934.5,981.5,2
144,NARS-13_000144.JPG,5016,5317,2861,3211,5166.5,3036.0,11
144,NARS-13_000144.JPG,2937,3194,2239,2563,3065.5,2401.0,15
144,NARS-13_000144.JPG,4597,4838,1042,1258,4717.5,1150.0,29
144,NARS-13_000144.JPG,226,449,1,92,337.5,46.5,9
144,NARS-13_000144.JPG,3199,3465,1466,1764,3332.0,1615.0,27
144,NARS-13_000144.JPG,5417,5801,949,1316,5609.0,1132.5,1
144,NARS-13_000144.JPG,4560,4732,2479,2644,4646.0,2561.5,30
144,NARS-13_000144.JPG,4613,4766,1410,1554,4689.5,1482.0,31
144,NARS-13_000144.JPG,1560,1760,1064,1272,1660.0,1168.0,32
145,NARS-13_000145.JPG,4890,5213,2400,2706,5051.5,2553.0,24
145,NARS-13_000145.JPG,5782,6077,3062,3354,5929.5,3208.0,0
145,NARS-13_000145.JPG,4291,4625,3077,3327,4458.0,3202.0,21
145,NARS-13_000145.JPG,2680,2969,2305,2582,2824.5,2443.5,26
145,NARS-13_000145.JPG,4558,4737,1401,1554,4647.5,1477.5,31
145,NARS-13_000145.JPG,1548,1770,1005,1242,1659.0,1123.5,32
145,NARS-13_000145.JPG,867,1098,566,933,982.5,749.5,5
145,NARS-13_000145.JPG,4861,5170,2698,2961,5015.5,2829.5,22
145,NARS-13_000145.JPG,3821,4185,3235,3420,4003.0,3327.5,18
145,NARS-13_000145.JPG,1040,1288,1415,1733,1164.0,1574.0,6
145,NARS-13_000145.JPG,5658,5979,713,1123,5818.5,918.0,1
145,NARS-13_000145.JPG,3743,3968,3059,3380,3855.5,3219.5,19
145,NARS-13_000145.JPG,5480,5890,2169,2533,5685.0,2351.0,3
145,NARS-13_000145.JPG,5219,5531,2501,2796,5375.0,2648.5,4
145,NARS-13_000145.JPG,4515,4703,2400,2582,4609.0,2491.0,30
145,NARS-13_000145.JPG,3226,3578,1846,2190,3402.0,2018.0,23
145,NARS-13_000145.JPG,1892,2129,690,1034,2010.5,862.0,28
145,NARS-13_000145.JPG,722,933,211,526,827.5,368.5,12
145,NARS-13_000145.JPG,2981,3209,2429,2770,3095.0,2599.5,10
145,NARS-13_000145.JPG,4815,5101,2068,2415,4958.0,2241.5,25
145,NARS-13_000145.JPG,5477,5827,2578,2920,5652.0,2749.0,7
145,NARS-13_000145.JPG,1320,1580,647,973,1450.0,810.0,14
145,NARS-13_000145.JPG,4558,4818,985,1236,4688.0,1110.5,29
145,NARS-13_000145.JPG,5684,5970,2406,2744,5827.0,2575.0,8
145,NARS-13_000145.JPG,2464,2795,33,381,2629.5,207.0,16
145,NARS-13_000145.JPG,5494,5858,1459,1754,5676.0,1606.5,13
145,NARS-13_000145.JPG,226,449,1,92,337.5,46.5,9
145,NARS-13_000145.JPG,2932,3204,2106,2444,3068.0,2275.0,15
145,NARS-13_000145.JPG,4705,5121,734,1020,4913.0,877.0,2
145,NARS-13_000145.JPG,4982,5259,2744,3114,5120.5,2929.0,11
145,NARS-13_000145.JPG,3200,3489,1427,1701,3344.5,1564.0,27
145,NARS-13_000145.JPG,5274,5635,820,1184,5454.5,1002.0,33
149,NARS-13_000149.JPG,5775,6067,3043,3345,5921.0,3194.0,0
149,NARS-13_000149.JPG,5696,5996,791,1216,5846.0,1003.5,1
149,NARS-13_000149.JPG,3842,4219,3213,3417,4030.5,3315.0,18
149,NARS-13_000149.JPG,2660,2937,2282,2571,2798.5,2426.5,26
149,NARS-13_000149.JPG,4282,4596,3043,3310,4439.0,3176.5,21
149,NARS-13_000149.JPG,1528,1745,943,1201,1636.5,1072.0,32
149,NARS-13_000149.JPG,984,1267,1346,1692,1125.5,1519.0,6
149,NARS-13_000149.JPG,833,1091,538,912,962.0,725.0,5
149,NARS-13_000149.JPG,5326,5722,846,1255,5524.0,1050.5,33
149,NARS-13_000149.JPG,5211,5520,2505,2792,5365.5,2648.5,4
149,NARS-13_000149.JPG,3213,3545,1879,2216,3379.0,2047.5,23
149,NARS-13_000149.JPG,2984,3195,2449,2810,3089.5,2629.5,10
149,NARS-13_000149.JPG,4474,4685,1329,1554,4579.5,1441.5,31
149,NARS-13_000149.JPG,4848,5160,2315,2609,5004.0,2462.0,24
149,NARS-13_000149.JPG,4455,4700,2320,2540,4577.5,2430.0,30
149,NARS-13_000149.JPG,4775,5064,2543,2867,4919.5,2705.0,22
149,NARS-13_000149.JPG,5486,5832,2594,2952,5659.0,2773.0,7
149,NARS-13_000149.JPG,5442,5822,2138,2503,5632.0,2320.5,3
149,NARS-13_000149.JPG,698,918,170,516,808.0,343.0,12
149,NARS-13_000149.JPG,3722,3911,3022,3329,3816.5,3175.5,19
149,NARS-13_000149.JPG,1864,2085,658,990,1974.5,824.0,28
149,NARS-13_000149.JPG,4816,5080,2040,2389,4948.0,2214.5,25
149,NARS-13_000149.JPG,5709,5960,2364,2722,5834.5,2543.0,8
149,NARS-13_000149.JPG,1302,1547,597,949,1424.5,773.0,14
149,NARS-13_000149.JPG,4502,4769,924,1201,4635.5,1062.5,29
149,NARS-13_000149.JPG,4716,5125,748,1053,4920.5,900.5,2
149,NARS-13_000149.JPG,208,439,6,93,323.5,49.5,9
149,NARS-13_000149.JPG,5498,5856,1437,1726,5677.0,1581.5,13
149,NARS-13_000149.JPG,4971,5255,2775,3135,5113.0,2955.0,11
149,NARS-13_000149.JPG,2898,3180,2128,2460,3039.0,2294.0,15
149,NARS-13_000149.JPG,2411,2710,2,354,2560.5,178.0,16
149,NARS-13_000149.JPG,3156,3452,1405,1738,3304.0,1571.5,27
149,NARS-13_000149.JPG,4829,4983,1286,1437,4906.0,1361.5,34
149,NARS-13_000149.JPG,2412,2581,1628,1773,2496.5,1700.5,35
151,NARS-13_000151.JPG,4829,4983,1286,1437,4906.0,1361.5,34
151,NARS-13_000151.JPG,2409,2591,1606,1774,2500.0,1690.0,35
151,NARS-13_000151.JPG,5781,6073,3043,3345,5927.0,3194.0,0
151,NARS-13_000151.JPG,1528,1762,942,1231,1645.0,1086.5,32
151,NARS-13_000151.JPG,3842,4219,3213,3417,4030.5,3315.0,18
151,NARS-13_000151.JPG,4278,4636,3044,3310,4457.0,3177.0,21
151,NARS-13_000151.JPG,1025,1288,1337,1692,1156.5,1514.5,6
151,NARS-13_000151.JPG,2660,2937,2273,2571,2798.5,2422.0,26
151,NARS-13_000151.JPG,4474,4725,1303,1540,4599.5,1421.5,31
151,NARS-13_000151.JPG,3223,3587,1860,2198,3405.0,2029.0,23
151,NARS-13_000151.JPG,3740,3968,3039,3365,3854.0,3202.0,19
151,NARS-13_000151.JPG,845,1103,526,900,974.0,713.0,5
151,NARS-13_000151.JPG,2984,3230,2449,2810,3107.0,2629.5,10
151,NARS-13_000151.JPG,5733,6062,774,1199,5897.5,986.5,1
151,NARS-13_000151.JPG,4449,4694,2296,2516,4571.5,2406.0,30
151,NARS-13_000151.JPG,5196,5519,2464,2790,5357.5,2627.0,4
151,NARS-13_000151.JPG,5389,5785,807,1216,5587.0,1011.5,33
151,NARS-13_000151.JPG,5456,5846,2123,2519,5651.0,2321.0,3
151,NARS-13_000151.JPG,4867,5188,2279,2597,5027.5,2438.0,24
151,NARS-13_000151.JPG,4511,4778,915,1192,4644.5,1053.5,29
151,NARS-13_000151.JPG,1851,2097,636,997,1974.0,816.5,28
151,NARS-13_000151.JPG,4812,5110,2010,2388,4961.0,2199.0,25
151,NARS-13_000151.JPG,695,915,153,499,805.0,326.0,12
151,NARS-13_000151.JPG,5468,5815,2571,2938,5641.5,2754.5,7
151,NARS-13_000151.JPG,5705,5988,2363,2736,5846.5,2549.5,8
151,NARS-13_000151.JPG,4760,5049,2498,2813,4904.5,2655.5,22
151,NARS-13_000151.JPG,4988,5306,2776,3163,5147.0,2969.5,11
151,NARS-13_000151.JPG,2455,2784,3,315,2619.5,159.0,16
151,NARS-13_000151.JPG,1294,1540,534,912,1417.0,723.0,14
151,NARS-13_000151.JPG,4711,5147,719,1011,4929.0,865.0,2
151,NARS-13_000151.JPG,2898,3180,2128,2460,3039.0,2294.0,15
151,NARS-13_000151.JPG,5543,5913,1398,1687,5728.0,1542.5,13
151,NARS-13_000151.JPG,3171,3509,1378,1693,3340.0,1535.5,27
155,NARS-13_000155.JPG,4817,4971,1301,1452,4894.0,1376.5,34
155,NARS-13_000155.JPG,5781,6073,3043,3345,5927.0,3194.0,0
155,NARS-13_000155.JPG,2380,2577,1617,1792,2478.5,1704.5,35
155,NARS-13_000155.JPG,4826,5114,2638,2868,4970.0,2753.0,22
155,NARS-13_000155.JPG,4287,4645,3047,3313,4466.0,3180.0,21
155,NARS-13_000155.JPG,3248,3595,1933,2260,3421.5,2096.5,23
155,NARS-13_000155.JPG,4507,4818,979,1284,4662.5,1131.5,29
155,NARS-13_000155.JPG,1484,1725,957,1245,1604.5,1101.0,32
155,NARS-13_000155.JPG,2660,2937,2273,2571,2798.5,2422.0,26
155,NARS-13_000155.JPG,3864,4255,3168,3418,4059.5,3293.0,18
155,NARS-13_000155.JPG,4480,4716,1387,1614,4598.0,1500.5,31
155,NARS-13_000155.JPG,1016,1279,1334,1689,1147.5,1511.5,6
155,NARS-13_000155.JPG,4444,4688,2308,2544,4566.0,2426.0,30
155,NARS-13_000155.JPG,845,1103,532,906,974.0,719.0,5
155,NARS-13_000155.JPG,4815,5153,2064,2441,4984.0,2252.5,25
155,NARS-13_000155.JPG,2965,3231,2480,2827,3098.0,2653.5,10
155,NARS-13_000155.JPG,5711,6041,838,1310,5876.0,1074.0,17
155,NARS-13_000155.JPG,5348,5744,898,1307,5546.0,1102.5,33
155,NARS-13_000155.JPG,3736,3963,3007,3356,3849.5,3181.5,19
155,NARS-13_000155.JPG,5195,5531,2463,2790,5363.0,2626.5,4
155,NARS-13_000155.JPG,5717,6014,2402,2774,5865.5,2588.0,8
155,NARS-13_000155.JPG,5467,5858,2166,2554,5662.5,2360.0,3
155,NARS-13_000155.JPG,4973,5298,2358,2705,5135.5,2531.5,24
155,NARS-13_000155.JPG,695,915,177,523,805.0,350.0,12
155,NARS-13_000155.JPG,1839,2085,660,1021,1962.0,840.5,28
155,NARS-13_000155.JPG,5471,5818,2574,2941,5644.5,2757.5,7
155,NARS-13_000155.JPG,2452,2782,3,336,2617.0,169.5,16
155,NARS-13_000155.JPG,2906,3183,2194,2524,3044.5,2359.0,15
155,NARS-13_000155.JPG,1279,1554,535,918,1416.5,726.5,14
155,NARS-13_000155.JPG,5495,5878,1423,1736,5686.5,1579.5,13
155,NARS-13_000155.JPG,3129,3420,1440,1809,3274.5,1624.5,27
155,NARS-13_000155.JPG,4668,5115,754,1106,4891.5,930.0,2
155,NARS-13_000155.JPG,4940,5258,2746,3133,5099.0,2939.5,11
155,NARS-13_000155.JPG,5298,5473,1642,1808,5385.5,1725.0,36
156,NARS-13_000156.JPG,4495,4731,1357,1584,4613.0,1470.5,31
156,NARS-13_000156.JPG,5276,5473,1623,1809,5374.5,1716.0,36
156,NARS-13_000156.JPG,4801,4973,1287,1453,4887.0,1370.0,34
156,NARS-13_000156.JPG,2377,2574,1614,1789,2475.5,1701.5,35
156,NARS-13_000156.JPG,5325,5741,849,1276,5533.0,1062.5,33
156,NARS-13_000156.JPG,4287,4645,3047,3313,4466.0,3180.0,21
156,NARS-13_000156.JPG,1484,1725,957,1245,1604.5,1101.0,32
156,NARS-13_000156.JPG,5780,6071,2998,3339,5925.5,3168.5,0
156,NARS-13_000156.JPG,4815,5084,2646,2868,4949.5,2757.0,22
156,NARS-13_000156.JPG,2660,2937,2276,2574,2798.5,2425.0,26
156,NARS-13_000156.JPG,4444,4688,2308,2544,4566.0,2426.0,30
156,NARS-13_000156.JPG,4507,4798,979,1284,4652.5,1131.5,29
156,NARS-13_000156.JPG,3226,3573,1908,2235,3399.5,2071.5,23
156,NARS-13_000156.JPG,3837,4228,3168,3418,4032.5,3293.0,18
156,NARS-13_000156.JPG,1016,1279,1334,1689,1147.5,1511.5,6
156,NARS-13_000156.JPG,4937,5262,2378,2725,5099.5,2551.5,24
156,NARS-13_000156.JPG,845,1103,532,906,974.0,719.0,5
156,NARS-13_000156.JPG,2965,3231,2457,2815,3098.0,2636.0,10
156,NARS-13_000156.JPG,5719,6071,685,1179,5895.0,932.0,1
156,NARS-13_000156.JPG,3733,3960,3007,3356,3846.5,3181.5,19
156,NARS-13_000156.JPG,5195,5531,2463,2790,5363.0,2626.5,4
156,NARS-13_000156.JPG,5450,5841,2141,2529,5645.5,2335.0,3
156,NARS-13_000156.JPG,695,915,177,523,805.0,350.0,12
156,NARS-13_000156.JPG,1839,2085,657,1018,1962.0,837.5,28
156,NARS-13_000156.JPG,2460,2790,3,352,2625.0,177.5,16
156,NARS-13_000156.JPG,1290,1565,563,946,1427.5,754.5,14
156,NARS-13_000156.JPG,4779,5109,1992,2369,4944.0,2180.5,25
156,NARS-13_000156.JPG,2903,3180,2191,2521,3041.5,2356.0,15
156,NARS-13_000156.JPG,5428,5797,2566,2954,5612.5,2760.0,7
156,NARS-13_000156.JPG,3146,3437,1434,1803,3291.5,1618.5,27
156,NARS-13_000156.JPG,5678,5939,2324,2679,5808.5,2501.5,8
156,NARS-13_000156.JPG,4676,5087,713,1035,4881.5,874.0,2
156,NARS-13_000156.JPG,4934,5239,2715,3103,5086.5,2909.0,11
156,NARS-13_000156.JPG,5403,5814,1395,1708,5608.5,1551.5,13
158,NARS-13_000158.JPG,4491,4755,1356,1595,4623.0,1475.5,31
158,NARS-13_000158.JPG,4825,4997,1281,1447,4911.0,1364.0,34
158,NARS-13_000158.JPG,5298,5495,1642,1828,5396.5,1735.0,36
158,NARS-13_000158.JPG,2368,2565,1599,1774,2466.5,1686.5,35
158,NARS-13_000158.JPG,4287,4645,3047,3313,4466.0,3180.0,21
158,NARS-13_000158.JPG,1493,1734,945,1233,1613.5,1089.0,32
158,NARS-13_000158.JPG,4522,4813,991,1296,4667.5,1143.5,29
158,NARS-13_000158.JPG,3253,3600,1932,2259,3426.5,2095.5,23
158,NARS-13_000158.JPG,4848,5175,2075,2433,5011.5,2254.0,25
158,NARS-13_000158.JPG,5780,6071,2998,3339,5925.5,3168.5,0
158,NARS-13_000158.JPG,4815,5084,2646,2868,4949.5,2757.0,22
158,NARS-13_000158.JPG,2663,2940,2268,2566,2801.5,2417.0,26
158,NARS-13_000158.JPG,5348,5742,890,1287,5545.0,1088.5,33
158,NARS-13_000158.JPG,3836,4249,3168,3418,4042.5,3293.0,18
158,NARS-13_000158.JPG,4441,4685,2296,2532,4563.0,2414.0,30
158,NARS-13_000158.JPG,4940,5265,2375,2722,5102.5,2548.5,24
158,NARS-13_000158.JPG,1016,1279,1331,1686,1147.5,1508.5,6
158,NARS-13_000158.JPG,2982,3248,2460,2818,3115.0,2639.0,10
158,NARS-13_000158.JPG,845,1103,532,906,974.0,719.0,5
158,NARS-13_000158.JPG,5744,6069,788,1223,5906.5,1005.5,17
158,NARS-13_000158.JPG,5481,5861,2158,2532,5671.0,2345.0,3
158,NARS-13_000158.JPG,1850,2097,674,1054,1973.5,864.0,28
158,NARS-13_000158.JPG,5492,5861,2602,2957,5676.5,2779.5,7
158,NARS-13_000158.JPG,3733,3960,3007,3356,3846.5,3181.5,19
158,NARS-13_000158.JPG,5731,6011,2396,2768,5871.0,2582.0,8
158,NARS-13_000158.JPG,5195,5531,2463,2790,5363.0,2626.5,4
158,NARS-13_000158.JPG,2471,2823,31,380,2647.0,205.5,16
158,NARS-13_000158.JPG,696,915,166,524,805.5,345.0,12
158,NARS-13_000158.JPG,3159,3486,1434,1792,3322.5,1613.0,27
158,NARS-13_000158.JPG,1290,1565,566,949,1427.5,757.5,14
158,NARS-13_000158.JPG,2899,3204,2177,2532,3051.5,2354.5,15
158,NARS-13_000158.JPG,5489,5872,1431,1731,5680.5,1581.0,13
158,NARS-13_000158.JPG,4696,5107,741,1063,4901.5,902.0,2
158,NARS-13_000158.JPG,4940,5267,2707,3131,5103.5,2919.0,11
160,NARS-13_000160.JPG,2382,2564,1630,1777,2473.0,1703.5,35
160,NARS-13_000160.JPG,4838,4990,1295,1422,4914.0,1358.5,34
160,NARS-13_000160.JPG,5789,6079,3034,3342,5934.0,3188.0,0
160,NARS-13_000160.JPG,5295,5461,1670,1814,5378.0,1742.0,36
160,NARS-13_000160.JPG,4287,4626,3060,3323,4456.5,3191.5,21
160,NARS-13_000160.JPG,3842,4200,3261,3417,4021.0,3339.0,18
160,NARS-13_000160.JPG,2650,2952,2297,2571,2801.0,2434.0,26
160,NARS-13_000160.JPG,4426,4694,2304,2525,4560.0,2414.5,30
160,NARS-13_000160.JPG,5721,6022,770,1171,5871.5,970.5,1
160,NARS-13_000160.JPG,4506,4778,971,1251,4642.0,1111.0,29
160,NARS-13_000160.JPG,1476,1695,990,1273,1585.5,1131.5,32
160,NARS-13_000160.JPG,1021,1267,1336,1689,1144.0,1512.5,6
160,NARS-13_000160.JPG,4840,5143,2350,2687,4991.5,2518.5,24
160,NARS-13_000160.JPG,4785,5055,2630,2913,4920.0,2771.5,22
160,NARS-13_000160.JPG,856,1078,538,914,967.0,726.0,5
160,NARS-13_000160.JPG,4443,4679,1394,1624,4561.0,1509.0,31
160,NARS-13_000160.JPG,2977,3192,2475,2821,3084.5,2648.0,10
160,NARS-13_000160.JPG,3197,3527,1921,2253,3362.0,2087.0,23
160,NARS-13_000160.JPG,5190,5527,2476,2773,5358.5,2624.5,4
160,NARS-13_000160.JPG,4823,5100,2043,2402,4961.5,2222.5,25
160,NARS-13_000160.JPG,1855,2061,698,1062,1958.0,880.0,28
160,NARS-13_000160.JPG,5314,5710,975,1330,5512.0,1152.5,33
160,NARS-13_000160.JPG,3728,3923,3005,3330,3825.5,3167.5,19
160,NARS-13_000160.JPG,666,879,184,553,772.5,368.5,12
160,NARS-13_000160.JPG,1290,1544,629,942,1417.0,785.5,14
160,NARS-13_000160.JPG,5444,5797,2571,2924,5620.5,2747.5,7
160,NARS-13_000160.JPG,4972,5259,2822,3183,5115.5,3002.5,11
160,NARS-13_000160.JPG,5709,5934,2333,2724,5821.5,2528.5,8
160,NARS-13_000160.JPG,2888,3137,2214,2518,3012.5,2366.0,15
160,NARS-13_000160.JPG,5409,5746,2123,2478,5577.5,2300.5,3
160,NARS-13_000160.JPG,2420,2718,57,390,2569.0,223.5,16
160,NARS-13_000160.JPG,3148,3435,1394,1712,3291.5,1553.0,27
160,NARS-13_000160.JPG,5459,5817,1430,1720,5638.0,1575.0,13
160,NARS-13_000160.JPG,4686,5090,735,1023,4888.0,879.0,2
160,NARS-13_000160.JPG,189,391,2,121,290.0,61.5,9
160,NARS-13_000160.JPG,4396,4546,2871,3010,4471.0,2940.5,37
160,NARS-13_000160.JPG,5173,5312,1856,2050,5242.5,1953.0,38
160,NARS-13_000160.JPG,617,784,2172,2320,700.5,2246.0,39
162,NARS-13_000162.JPG,617,784,2172,2320,700.5,2246.0,39
162,NARS-13_000162.JPG,4302,4641,3063,3326,4471.5,3194.5,21
162,NARS-13_000162.JPG,5789,6079,3037,3345,5934.0,3191.0,0
162,NARS-13_000162.JPG,5653,5994,745,1170,5823.5,957.5,1
162,NARS-13_000162.JPG,2663,2966,2299,2585,2814.5,2442.0,26
162,NARS-13_000162.JPG,1476,1724,968,1274,1600.0,1121.0,32
162,NARS-13_000162.JPG,4425,4720,2290,2544,4572.5,2417.0,30
162,NARS-13_000162.JPG,4795,4991,1251,1421,4893.0,1336.0,34
162,NARS-13_000162.JPG,4509,4786,979,1279,4647.5,1129.0,29
162,NARS-13_000162.JPG,3842,4200,3310,3417,4021.0,3363.5,18
162,NARS-13_000162.JPG,1017,1277,1337,1701,1147.0,1519.0,6
162,NARS-13_000162.JPG,841,1078,537,930,959.5,733.5,5
162,NARS-13_000162.JPG,2978,3212,2464,2822,3095.0,2643.0,10
162,NARS-13_000162.JPG,4776,5046,2653,2936,4911.0,2794.5,22
162,NARS-13_000162.JPG,3728,3923,3038,3363,3825.5,3200.5,19
162,NARS-13_000162.JPG,3203,3533,1938,2270,3368.0,2104.0,23
162,NARS-13_000162.JPG,5187,5524,2493,2790,5355.5,2641.5,4
162,NARS-13_000162.JPG,4477,4754,1433,1702,4615.5,1567.5,31
162,NARS-13_000162.JPG,2420,2611,1675,1903,2515.5,1789.0,35
162,NARS-13_000162.JPG,5188,5405,1678,1880,5296.5,1779.0,36
162,NARS-13_000162.JPG,656,881,228,554,768.5,391.0,12
162,NARS-13_000162.JPG,5231,5399,1921,2149,5315.0,2035.0,38
162,NARS-13_000162.JPG,4794,5071,2040,2399,4932.5,2219.5,25
162,NARS-13_000162.JPG,1291,1545,630,956,1418.0,793.0,14
162,NARS-13_000162.JPG,3189,3530,1395,1713,3359.5,1554.0,27
162,NARS-13_000162.JPG,4779,5082,2318,2655,4930.5,2486.5,24
162,NARS-13_000162.JPG,1843,2103,803,1152,1973.0,977.5,28
162,NARS-13_000162.JPG,2449,2767,98,445,2608.0,271.5,16
162,NARS-13_000162.JPG,5696,5921,2363,2776,5808.5,2569.5,8
162,NARS-13_000162.JPG,4483,4668,2955,3125,4575.5,3040.0,37
162,NARS-13_000162.JPG,5426,5779,2600,2953,5602.5,2776.5,7
162,NARS-13_000162.JPG,4954,5257,2822,3183,5105.5,3002.5,11
162,NARS-13_000162.JPG,5410,5748,2091,2466,5579.0,2278.5,3
162,NARS-13_000162.JPG,2888,3183,2097,2484,3035.5,2290.5,15
162,NARS-13_000162.JPG,5182,5523,950,1305,5352.5,1127.5,33
162,NARS-13_000162.JPG,5476,5851,1404,1693,5663.5,1548.5,13
162,NARS-13_000162.JPG,4685,5089,716,1008,4887.0,862.0,2
162,NARS-13_000162.JPG,189,391,2,121,290.0,61.5,9
164,NARS-13_000164.JPG,607,786,2172,2334,696.5,2253.0,39
164,NARS-13_000164.JPG,2685,2962,2267,2563,2823.5,2415.0,26
164,NARS-13_000164.JPG,5775,6067,3043,3345,5921.0,3194.0,0
164,NARS-13_000164.JPG,4425,4670,2338,2558,4547.5,2448.0,30
164,NARS-13_000164.JPG,4313,4668,3103,3370,4490.5,3236.5,21
164,NARS-13_000164.JPG,5162,5338,1861,2075,5250.0,1968.0,38
164,NARS-13_000164.JPG,4961,5272,2506,2776,5116.5,2641.0,20
164,NARS-13_000164.JPG,5297,5492,1669,1880,5394.5,1774.5,36
164,NARS-13_000164.JPG,4518,4820,1028,1324,4669.0,1176.0,29
164,NARS-13_000164.JPG,4386,4562,2895,3065,4474.0,2980.0,37
164,NARS-13_000164.JPG,1015,1266,1358,1704,1140.5,1531.0,6
164,NARS-13_000164.JPG,858,1075,572,946,966.5,759.0,5
164,NARS-13_000164.JPG,4436,4760,1399,1673,4598.0,1536.0,31
164,NARS-13_000164.JPG,4826,5137,2147,2468,4981.5,2307.5,25
164,NARS-13_000164.JPG,3222,3555,1952,2279,3388.5,2115.5,23
164,NARS-13_000164.JPG,5237,5498,2506,2792,5367.5,2649.0,4
164,NARS-13_000164.JPG,2314,2553,1559,1763,2433.5,1661.0,35
164,NARS-13_000164.JPG,3734,3923,3043,3350,3828.5,3196.5,19
164,NARS-13_000164.JPG,2983,3194,2457,2804,3088.5,2630.5,10
164,NARS-13_000164.JPG,4876,5165,2704,2974,5020.5,2839.0,22
164,NARS-13_000164.JPG,673,893,251,616,783.0,433.5,12
164,NARS-13_000164.JPG,5652,5951,695,1094,5801.5,894.5,1
164,NARS-13_000164.JPG,1845,2065,698,1063,1955.0,880.5,28
164,NARS-13_000164.JPG,5476,5822,2216,2502,5649.0,2359.0,3
164,NARS-13_000164.JPG,5709,5960,2442,2800,5834.5,2621.0,8
164,NARS-13_000164.JPG,4734,4982,1336,1565,4858.0,1450.5,34
164,NARS-13_000164.JPG,2515,2814,151,462,2664.5,306.5,16
164,NARS-13_000164.JPG,5486,5844,2713,3027,5665.0,2870.0,7
164,NARS-13_000164.JPG,5266,5650,1041,1343,5458.0,1192.0,33
164,NARS-13_000164.JPG,5498,5856,1437,1733,5677.0,1585.0,13
164,NARS-13_000164.JPG,1471,1688,1122,1380,1579.5,1251.0,32
164,NARS-13_000164.JPG,2892,3174,2144,2476,3033.0,2310.0,15
164,NARS-13_000164.JPG,1263,1508,582,934,1385.5,758.0,14
164,NARS-13_000164.JPG,4716,5125,739,1044,4920.5,891.5,2
164,NARS-13_000164.JPG,4980,5264,2731,3091,5122.0,2911.0,11
164,NARS-13_000164.JPG,3150,3420,1613,1946,3285.0,1779.5,27
164,NARS-13_000164.JPG,5646,5816,2153,2285,5731.0,2219.0,40
168,NARS-13_000168.JPG,5228,5537,1587,1886,5382.5,1736.5,36
168,NARS-13_000168.JPG,5660,5955,786,1190,5807.5,988.0,1
168,NARS-13_000168.JPG,5788,6050,3024,3361,5919.0,3192.5,0
168,NARS-13_000168.JPG,1025,1276,1383,1706,1150.5,1544.5,6
168,NARS-13_000168.JPG,2637,2925,2290,2562,2781.0,2426.0,26
168,NARS-13_000168.JPG,549,752,2177,2368,650.5,2272.5,39
168,NARS-13_000168.JPG,4400,4648,2332,2599,4524.0,2465.5,30
168,NARS-13_000168.JPG,855,1057,564,937,956.0,750.5,5
168,NARS-13_000168.JPG,4830,5103,2703,2969,4966.5,2836.0,22
168,NARS-13_000168.JPG,3726,3918,3082,3365,3822.0,3223.5,19
168,NARS-13_000168.JPG,4477,4744,974,1292,4610.5,1133.0,29
168,NARS-13_000168.JPG,4258,4572,3105,3374,4415.0,3239.5,21
168,NARS-13_000168.JPG,4870,5174,2469,2755,5022.0,2612.0,24
168,NARS-13_000168.JPG,1432,1659,1004,1298,1545.5,1151.0,32
168,NARS-13_000168.JPG,5235,5607,918,1235,5421.0,1076.5,33
168,NARS-13_000168.JPG,2975,3177,2472,2816,3076.0,2644.0,10
168,NARS-13_000168.JPG,5212,5502,2462,2769,5357.0,2615.5,4
168,NARS-13_000168.JPG,2282,2551,1499,1779,2416.5,1639.0,35
168,NARS-13_000168.JPG,664,867,239,570,765.5,404.5,12
168,NARS-13_000168.JPG,3180,3496,1958,2265,3338.0,2111.5,23
168,NARS-13_000168.JPG,4648,4929,1258,1565,4788.5,1411.5,34
168,NARS-13_000168.JPG,3814,4070,3349,3421,3942.0,3385.0,18
168,NARS-13_000168.JPG,5029,5275,1861,2102,5152.0,1981.5,38
168,NARS-13_000168.JPG,5483,5806,1504,1809,5644.5,1656.5,13
168,NARS-13_000168.JPG,4778,5042,2050,2378,4910.0,2214.0,25
168,NARS-13_000168.JPG,1807,2007,662,1044,1907.0,853.0,28
168,NARS-13_000168.JPG,4248,4494,2894,3101,4371.0,2997.5,37
168,NARS-13_000168.JPG,4334,4603,1327,1655,4468.5,1491.0,31
168,NARS-13_000168.JPG,5450,5790,2247,2584,5620.0,2415.5,3
168,NARS-13_000168.JPG,2433,2718,91,405,2575.5,248.0,16
168,NARS-13_000168.JPG,5682,5928,2346,2722,5805.0,2534.0,8
168,NARS-13_000168.JPG,3111,3387,1513,1871,3249.0,1692.0,27
168,NARS-13_000168.JPG,2888,3148,2139,2504,3018.0,2321.5,15
168,NARS-13_000168.JPG,5443,5693,2131,2338,5568.0,2234.5,40
168,NARS-13_000168.JPG,4966,5221,2734,3100,5093.5,2917.0,11
168,NARS-13_000168.JPG,1240,1455,566,920,1347.5,743.0,14
168,NARS-13_000168.JPG,5368,5705,2677,3002,5536.5,2839.5,7
168,NARS-13_000168.JPG,4650,5011,748,1083,4830.5,915.5,2
168,NARS-13_000168.JPG,3929,4077,2193,2330,4003.0,2261.5,41
168,NARS-13_000168.JPG,4994,5201,286,440,5097.5,363.0,42
168,NARS-13_000168.JPG,5955,6077,2991,3197,6016.0,3094.0,43
168,NARS-13_000168.JPG,780,945,2316,2449,862.5,2382.5,44
168,NARS-13_000168.JPG,1683,1849,269,407,1766.0,338.0,45
172,NARS-13_000172.JPG,5580,5888,2160,2534,5734.0,2347.0,3
172,NARS-13_000172.JPG,3232,3584,1937,2242,3408.0,2089.5,23
172,NARS-13_000172.JPG,4411,4678,2292,2572,4544.5,2432.0,30
172,NARS-13_000172.JPG,732,930,2304,2464,831.0,2384.0,44
172,NARS-13_000172.JPG,5244,5549,1603,1933,5396.5,1768.0,36
172,NARS-13_000172.JPG,2348,2637,1493,1839,2492.5,1666.0,35
172,NARS-13_000172.JPG,4260,4615,3071,3360,4437.5,3215.5,21
172,NARS-13_000172.JPG,3901,4165,3345,3414,4033.0,3379.5,18
172,NARS-13_000172.JPG,5256,5539,2497,2783,5397.5,2640.0,4
172,NARS-13_000172.JPG,3949,4138,2160,2345,4043.5,2252.5,41
172,NARS-13_000172.JPG,1027,1278,1370,1716,1152.5,1543.0,6
172,NARS-13_000172.JPG,5945,6071,2999,3276,6008.0,3137.5,43
172,NARS-13_000172.JPG,5052,5338,1867,2144,5195.0,2005.5,38
172,NARS-13_000172.JPG,5461,5738,2097,2361,5599.5,2229.0,40
172,NARS-13_000172.JPG,5784,6045,3115,3366,5914.5,3240.5,0
172,NARS-13_000172.JPG,2631,2933,2282,2549,2782.0,2415.5,26
172,NARS-13_000172.JPG,3747,3958,3043,3351,3852.5,3197.0,19
172,NARS-13_000172.JPG,858,1075,560,934,966.5,747.0,5
172,NARS-13_000172.JPG,1638,1858,179,393,1748.0,286.0,45
172,NARS-13_000172.JPG,4521,4883,921,1239,4702.0,1080.0,29
172,NARS-13_000172.JPG,4665,4986,1229,1556,4825.5,1392.5,34
172,NARS-13_000172.JPG,5728,6011,2421,2779,5869.5,2600.0,8
172,NARS-13_000172.JPG,4970,5203,201,402,5086.5,301.5,42
172,NARS-13_000172.JPG,4819,5130,2050,2393,4974.5,2221.5,25
172,NARS-13_000172.JPG,1525,1780,918,1223,1652.5,1070.5,32
172,NARS-13_000172.JPG,2983,3194,2457,2804,3088.5,2630.5,10
172,NARS-13_000172.JPG,5766,6024,827,1192,5895.0,1009.5,17
172,NARS-13_000172.JPG,4800,5039,2553,2899,4919.5,2726.0,22
172,NARS-13_000172.JPG,4354,4700,1267,1644,4527.0,1455.5,31
172,NARS-13_000172.JPG,506,720,2091,2352,613.0,2221.5,39
172,NARS-13_000172.JPG,5533,5857,1468,1795,5695.0,1631.5,13
172,NARS-13_000172.JPG,5382,5784,927,1285,5583.0,1106.0,33
172,NARS-13_000172.JPG,1823,2093,616,1006,1958.0,811.0,28
172,NARS-13_000172.JPG,3219,3587,1402,1754,3403.0,1578.0,27
172,NARS-13_000172.JPG,5473,5831,2663,2993,5652.0,2828.0,7
172,NARS-13_000172.JPG,4992,5313,2816,3178,5152.5,2997.0,11
172,NARS-13_000172.JPG,649,869,215,580,759.0,397.5,12
172,NARS-13_000172.JPG,4225,4505,2851,3084,4365.0,2967.5,37
172,NARS-13_000172.JPG,4999,5310,2392,2691,5154.5,2541.5,24
172,NARS-13_000172.JPG,2465,2764,3,314,2614.5,158.5,16
172,NARS-13_000172.JPG,2892,3175,2169,2493,3033.5,2331.0,15
172,NARS-13_000172.JPG,4716,5125,758,1044,4920.5,901.0,2
172,NARS-13_000172.JPG,1254,1499,525,877,1376.5,701.0,14
172,NARS-13_000172.JPG,1446,1657,340,472,1551.5,406.0,46
172,NARS-13_000172.JPG,1112,1282,2568,2753,1197.0,2660.5,47
177,NARS-13_000177.JPG,1112,1282,2568,2753,1197.0,2660.5,47
177,NARS-13_000177.JPG,4304,4648,3067,3356,4476.0,3211.5,21
177,NARS-13_000177.JPG,1447,1658,323,473,1552.5,398.0,46
177,NARS-13_000177.JPG,5811,6065,3050,3365,5938.0,3207.5,0
177,NARS-13_000177.JPG,5930,6072,2952,3275,6001.0,3113.5,43
177,NARS-13_000177.JPG,3943,4132,2163,2348,4037.5,2255.5,41
177,NARS-13_000177.JPG,732,930,2304,2464,831.0,2384.0,44
177,NARS-13_000177.JPG,4434,4720,2279,2571,4577.0,2425.0,30
177,NARS-13_000177.JPG,3232,3584,1918,2236,3408.0,2077.0,23
177,NARS-13_000177.JPG,3876,4165,3301,3414,4020.5,3357.5,18
177,NARS-13_000177.JPG,5179,5528,1548,1912,5353.5,1730.0,36
177,NARS-13_000177.JPG,4809,5098,2605,2903,4953.5,2754.0,22
177,NARS-13_000177.JPG,4260,4583,2851,3102,4421.5,2976.5,37
177,NARS-13_000177.JPG,2643,2941,2282,2548,2792.0,2415.0,26
177,NARS-13_000177.JPG,1027,1278,1349,1695,1152.5,1522.0,6
177,NARS-13_000177.JPG,5785,6065,809,1239,5925.0,1024.0,17
177,NARS-13_000177.JPG,5257,5540,2487,2785,5398.5,2636.0,4
177,NARS-13_000177.JPG,5471,5745,2123,2400,5608.0,2261.5,40
177,NARS-13_000177.JPG,1611,1831,179,393,1721.0,286.0,45
177,NARS-13_000177.JPG,5341,5754,907,1265,5547.5,1086.0,33
177,NARS-13_000177.JPG,2334,2704,1496,1857,2519.0,1676.5,35
177,NARS-13_000177.JPG,5731,6034,2412,2785,5882.5,2598.5,8
177,NARS-13_000177.JPG,4916,5173,205,407,5044.5,306.0,42
177,NARS-13_000177.JPG,4812,5124,2051,2421,4968.0,2236.0,25
177,NARS-13_000177.JPG,5638,5944,2160,2509,5791.0,2334.5,3
177,NARS-13_000177.JPG,2995,3206,2460,2807,3100.5,2633.5,10
177,NARS-13_000177.JPG,858,1075,545,919,966.5,732.0,5
177,NARS-13_000177.JPG,4665,4986,1233,1585,4825.5,1409.0,34
177,NARS-13_000177.JPG,4549,4884,921,1239,4716.5,1080.0,29
177,NARS-13_000177.JPG,5008,5326,1837,2146,5167.0,1991.5,38
177,NARS-13_000177.JPG,506,720,2091,2352,613.0,2221.5,39
177,NARS-13_000177.JPG,1539,1811,936,1251,1675.0,1093.5,32
177,NARS-13_000177.JPG,5499,5854,2643,2981,5676.5,2812.0,7
177,NARS-13_000177.JPG,4353,4688,1323,1661,4520.5,1492.0,31
177,NARS-13_000177.JPG,3746,3974,3004,3333,3860.0,3168.5,19
177,NARS-13_000177.JPG,1823,2092,618,1034,1957.5,826.0,28
177,NARS-13_000177.JPG,2923,3223,2192,2515,3073.0,2353.5,15
177,NARS-13_000177.JPG,5001,5322,2816,3178,5161.5,2997.0,11
177,NARS-13_000177.JPG,2504,2816,3,315,2660.0,159.0,16
177,NARS-13_000177.JPG,3203,3590,1392,1753,3396.5,1572.5,27
177,NARS-13_000177.JPG,652,872,201,566,762.0,383.5,12
177,NARS-13_000177.JPG,4999,5310,2392,2691,5154.5,2541.5,24
177,NARS-13_000177.JPG,5531,5872,1427,1753,5701.5,1590.0,13
177,NARS-13_000177.JPG,4716,5125,758,1044,4920.5,901.0,2
177,NARS-13_000177.JPG,1254,1499,534,886,1376.5,710.0,14
177,NARS-13_000177.JPG,616,812,2119,2249,714.0,2184.0,48
178,NARS-13_000178.JPG,1442,1661,322,479,1551.5,400.5,46
178,NARS-13_000178.JPG,5801,6080,3040,3351,5940.5,3195.5,0
178,NARS-13_000178.JPG,3931,4139,2160,2353,4035.0,2256.5,41
178,NARS-13_000178.JPG,4954,5210,221,435,5082.0,328.0,42
178,NARS-13_000178.JPG,616,812,2128,2258,714.0,2193.0,48
178,NARS-13_000178.JPG,734,927,2303,2461,830.5,2382.0,44
178,NARS-13_000178.JPG,3894,4180,3287,3420,4037.0,3353.5,18
178,NARS-13_000178.JPG,4314,4649,3080,3355,4481.5,3217.5,21
178,NARS-13_000178.JPG,3248,3616,1932,2256,3432.0,2094.0,23
178,NARS-13_000178.JPG,4821,5098,2620,2909,4959.5,2764.5,22
178,NARS-13_000178.JPG,4824,5234,2103,2447,5029.0,2275.0,25
178,NARS-13_000178.JPG,1108,1285,2594,2766,1196.5,2680.0,47
178,NARS-13_000178.JPG,5216,5570,1586,1919,5393.0,1752.5,36
178,NARS-13_000178.JPG,1602,1837,184,395,1719.5,289.5,45
178,NARS-13_000178.JPG,4386,4747,1349,1663,4566.5,1506.0,31
178,NARS-13_000178.JPG,4447,4755,2290,2596,4601.0,2443.0,30
178,NARS-13_000178.JPG,4291,4619,2885,3143,4455.0,3014.0,37
178,NARS-13_000178.JPG,2635,2952,2283,2555,2793.5,2419.0,26
178,NARS-13_000178.JPG,1025,1286,1359,1696,1155.5,1527.5,6
178,NARS-13_000178.JPG,4691,5058,1248,1589,4874.5,1418.5,34
178,NARS-13_000178.JPG,5501,5792,2137,2400,5646.5,2268.5,40
178,NARS-13_000178.JPG,5936,6079,2965,3181,6007.5,3073.0,43
178,NARS-13_000178.JPG,5620,5941,2156,2507,5780.5,2331.5,3
178,NARS-13_000178.JPG,5038,5341,1898,2161,5189.5,2029.5,38
178,NARS-13_000178.JPG,497,723,2094,2370,610.0,2232.0,39
178,NARS-13_000178.JPG,5260,5539,2476,2753,5399.5,2614.5,4
178,NARS-13_000178.JPG,5506,5864,2638,2974,5685.0,2806.0,7
178,NARS-13_000178.JPG,5785,6065,791,1218,5925.0,1004.5,17
178,NARS-13_000178.JPG,5020,5360,2847,3203,5190.0,3025.0,11
178,NARS-13_000178.JPG,1834,2133,609,1027,1983.5,818.0,28
178,NARS-13_000178.JPG,2321,2732,1561,1908,2526.5,1734.5,35
178,NARS-13_000178.JPG,5712,6016,2416,2781,5864.0,2598.5,8
178,NARS-13_000178.JPG,853,1058,541,917,955.5,729.0,5
178,NARS-13_000178.JPG,2525,2850,1,320,2687.5,160.5,16
178,NARS-13_000178.JPG,2957,3213,2456,2806,3085.0,2631.0,10
178,NARS-13_000178.JPG,3760,3988,3008,3319,3874.0,3163.5,19
178,NARS-13_000178.JPG,5026,5347,2444,2750,5186.5,2597.0,20
178,NARS-13_000178.JPG,3232,3658,1404,1788,3445.0,1596.0,27
178,NARS-13_000178.JPG,1561,1852,946,1264,1706.5,1105.0,32
178,NARS-13_000178.JPG,2919,3224,2176,2513,3071.5,2344.5,15
178,NARS-13_000178.JPG,5392,5818,919,1273,5605.0,1096.0,33
178,NARS-13_000178.JPG,5552,5888,1434,1754,5720.0,1594.0,13
178,NARS-13_000178.JPG,4815,5110,757,1057,4962.5,907.0,2
178,NARS-13_000178.JPG,651,857,194,545,754.0,369.5,12
178,NARS-13_000178.JPG,4601,4976,942,1263,4788.5,1102.5,29
178,NARS-13_000178.JPG,1248,1512,531,893,1380.0,712.0,14
181,NARS-13_000181.JPG,5808,6078,3039,3346,5943.0,3192.5,0
181,NARS-13_000181.JPG,615,811,2129,2265,713.0,2197.0,48
181,NARS-13_000181.JPG,5754,6078,2417,2817,5916.0,2617.0,8
181,NARS-13_000181.JPG,4940,5200,223,442,5070.0,332.5,42
181,NARS-13_000181.JPG,732,928,2309,2471,830.0,2390.0,44
181,NARS-13_000181.JPG,3934,4143,2173,2365,4038.5,2269.0,41
181,NARS-13_000181.JPG,5040,5379,1866,2155,5209.5,2010.5,38
181,NARS-13_000181.JPG,1431,1668,348,492,1549.5,420.0,46
181,NARS-13_000181.JPG,4441,4747,2289,2599,4594.0,2444.0,30
181,NARS-13_000181.JPG,1862,2220,639,1067,2041.0,853.0,28
181,NARS-13_000181.JPG,1112,1288,2602,2778,1200.0,2690.0,47
181,NARS-13_000181.JPG,4820,5119,2586,2911,4969.5,2748.5,22
181,NARS-13_000181.JPG,3899,4167,3316,3417,4033.0,3366.5,18
181,NARS-13_000181.JPG,5532,5901,2645,2991,5716.5,2818.0,7
181,NARS-13_000181.JPG,1595,1824,175,409,1709.5,292.0,45
181,NARS-13_000181.JPG,4852,5226,2100,2464,5039.0,2282.0,25
181,NARS-13_000181.JPG,4309,4690,3093,3363,4499.5,3228.0,21
181,NARS-13_000181.JPG,4255,4582,2882,3128,4418.5,3005.0,37
181,NARS-13_000181.JPG,1023,1286,1357,1699,1154.5,1528.0,6
181,NARS-13_000181.JPG,2635,2944,2286,2558,2789.5,2422.0,26
181,NARS-13_000181.JPG,3012,3217,2470,2815,3114.5,2642.5,10
181,NARS-13_000181.JPG,5933,6077,2972,3160,6005.0,3066.0,43
181,NARS-13_000181.JPG,4370,4735,1350,1663,4552.5,1506.5,31
181,NARS-13_000181.JPG,5047,5413,2868,3216,5230.0,3042.0,11
181,NARS-13_000181.JPG,3247,3616,1971,2271,3431.5,2121.0,23
181,NARS-13_000181.JPG,4694,5048,1262,1596,4871.0,1429.0,34
181,NARS-13_000181.JPG,5237,5595,1597,1941,5416.0,1769.0,36
181,NARS-13_000181.JPG,5863,6074,846,1172,5968.5,1009.0,17
181,NARS-13_000181.JPG,2547,2879,3,326,2713.0,164.5,16
181,NARS-13_000181.JPG,483,713,2094,2373,598.0,2233.5,39
181,NARS-13_000181.JPG,5029,5366,2459,2768,5197.5,2613.5,20
181,NARS-13_000181.JPG,5228,5544,2479,2753,5386.0,2616.0,4
181,NARS-13_000181.JPG,852,1064,552,925,958.0,738.5,5
181,NARS-13_000181.JPG,5624,5980,2176,2491,5802.0,2333.5,3
181,NARS-13_000181.JPG,5499,5796,2181,2434,5647.5,2307.5,40
181,NARS-13_000181.JPG,3772,4020,3009,3323,3896.0,3166.0,19
181,NARS-13_000181.JPG,4838,5121,780,1095,4979.5,937.5,2
181,NARS-13_000181.JPG,2931,3224,2193,2526,3077.5,2359.5,15
181,NARS-13_000181.JPG,5562,5898,1456,1779,5730.0,1617.5,13
181,NARS-13_000181.JPG,3261,3688,1458,1851,3474.5,1654.5,27
181,NARS-13_000181.JPG,5375,5815,935,1284,5595.0,1109.5,33
181,NARS-13_000181.JPG,2394,2758,1531,1884,2576.0,1707.5,35
181,NARS-13_000181.JPG,649,872,205,565,760.5,385.0,12
181,NARS-13_000181.JPG,4606,4971,964,1289,4788.5,1126.5,29
181,NARS-13_000181.JPG,1586,1872,998,1313,1729.0,1155.5,32
181,NARS-13_000181.JPG,1256,1526,551,929,1391.0,740.0,14
181,NARS-13_000181.JPG,3458,3607,1880,2010,3532.5,1945.0,49
184,NARS-13_000184.JPG,5801,6075,3053,3362,5938.0,3207.5,0
184,NARS-13_000184.JPG,607,812,2129,2273,709.5,2201.0,48
184,NARS-13_000184.JPG,4401,4782,1334,1660,4591.5,1497.0,31
184,NARS-13_000184.JPG,716,929,2304,2484,822.5,2394.0,44
184,NARS-13_000184.JPG,3025,3261,2456,2821,3143.0,2638.5,10
184,NARS-13_000184.JPG,1438,1691,342,501,1564.5,421.5,46
184,NARS-13_000184.JPG,2641,2957,2295,2571,2799.0,2433.0,26
184,NARS-13_000184.JPG,1033,1295,1356,1698,1164.0,1527.0,6
184,NARS-13_000184.JPG,5270,5586,2488,2762,5428.0,2625.0,4
184,NARS-13_000184.JPG,1637,1892,167,403,1764.5,285.0,45
184,NARS-13_000184.JPG,5954,6074,2964,3156,6014.0,3060.0,43
184,NARS-13_000184.JPG,5843,6079,2423,2818,5961.0,2620.5,8
184,NARS-13_000184.JPG,1119,1288,2618,2807,1203.5,2712.5,47
184,NARS-13_000184.JPG,4460,4771,2290,2615,4615.5,2452.5,30
184,NARS-13_000184.JPG,2945,3252,2206,2571,3098.5,2388.5,15
184,NARS-13_000184.JPG,854,1090,550,931,972.0,740.5,5
184,NARS-13_000184.JPG,4863,5182,2597,2925,5022.5,2761.0,22
184,NARS-13_000184.JPG,480,714,2084,2384,597.0,2234.0,39
184,NARS-13_000184.JPG,2365,2506,1606,1782,2435.5,1694.0,35
184,NARS-13_000184.JPG,3978,4201,2166,2363,4089.5,2264.5,41
184,NARS-13_000184.JPG,3521,3661,1868,2011,3591.0,1939.5,49
184,NARS-13_000184.JPG,5595,5913,2128,2400,5754.0,2264.0,3
184,NARS-13_000184.JPG,4343,4729,3083,3364,4536.0,3223.5,21
184,NARS-13_000184.JPG,5638,5967,2649,3010,5802.5,2829.5,7
184,NARS-13_000184.JPG,5020,5285,215,451,5152.5,333.0,42
184,NARS-13_000184.JPG,655,926,166,538,790.5,352.0,12
184,NARS-13_000184.JPG,1290,1583,527,916,1436.5,721.5,14
184,NARS-13_000184.JPG,5051,5402,2414,2745,5226.5,2579.5,20
184,NARS-13_000184.JPG,3833,4116,3032,3355,3974.5,3193.5,19
184,NARS-13_000184.JPG,3320,3709,1988,2292,3514.5,2140.0,23
184,NARS-13_000184.JPG,5647,5979,1451,1765,5813.0,1608.0,13
184,NARS-13_000184.JPG,3999,4291,3329,3418,4145.0,3373.5,18
184,NARS-13_000184.JPG,4373,4705,2913,3170,4539.0,3041.5,37
184,NARS-13_000184.JPG,5141,5549,2889,3245,5345.0,3067.0,11
184,NARS-13_000184.JPG,4802,5174,1257,1599,4988.0,1428.0,34
184,NARS-13_000184.JPG,1955,2388,618,1056,2171.5,837.0,28
184,NARS-13_000184.JPG,5209,5504,1924,2188,5356.5,2056.0,38
184,NARS-13_000184.JPG,5572,5972,948,1304,5772.0,1126.0,1
184,NARS-13_000184.JPG,4931,5397,2144,2505,5164.0,2324.5,25
184,NARS-13_000184.JPG,2721,3032,0,330,2876.5,165.0,16
184,NARS-13_000184.JPG,5328,5714,1709,2008,5521.0,1858.5,36
184,NARS-13_000184.JPG,4762,5095,988,1307,4928.5,1147.5,2
184,NARS-13_000184.JPG,3460,3828,1435,1828,3644.0,1631.5,27
184,NARS-13_000184.JPG,5717,6057,2154,2472,5887.0,2313.0,40
184,NARS-13_000184.JPG,1744,2039,998,1317,1891.5,1157.5,32
184,NARS-13_000184.JPG,2515,2852,1480,1841,2683.5,1660.5,50
185,NARS-13_000185.JPG,3036,3263,2507,2815,3149.5,2661.0,10
185,NARS-13_000185.JPG,5823,6077,3062,3357,5950.0,3209.5,0
185,NARS-13_000185.JPG,615,811,2129,2285,713.0,2207.0,48
185,NARS-13_000185.JPG,728,925,2312,2492,826.5,2402.0,44
185,NARS-13_000185.JPG,2648,2960,2304,2577,2804.0,2440.5,26
185,NARS-13_000185.JPG,5973,6076,2997,3154,6024.5,3075.5,43
185,NARS-13_000185.JPG,2970,3267,2226,2574,3118.5,2400.0,15
185,NARS-13_000185.JPG,1026,1285,1361,1698,1155.5,1529.5,6
185,NARS-13_000185.JPG,5262,5581,2490,2753,5421.5,2621.5,4
185,NARS-13_000185.JPG,3520,3655,1901,2034,3587.5,1967.5,49
185,NARS-13_000185.JPG,5631,5882,2155,2415,5756.5,2285.0,3
185,NARS-13_000185.JPG,1478,1686,368,516,1582.0,442.0,46
185,NARS-13_000185.JPG,480,714,2084,2384,597.0,2234.0,39
185,NARS-13_000185.JPG,4430,4801,1377,1674,4615.5,1525.5,31
185,NARS-13_000185.JPG,856,1082,558,926,969.0,742.0,5
185,NARS-13_000185.JPG,1637,1883,229,451,1760.0,340.0,45
185,NARS-13_000185.JPG,1132,1302,2634,2821,1217.0,2727.5,47
185,NARS-13_000185.JPG,4474,4779,2308,2612,4626.5,2460.0,30
185,NARS-13_000185.JPG,1308,1612,567,935,1460.0,751.0,14
185,NARS-13_000185.JPG,2451,2602,1660,1817,2526.5,1738.5,35
185,NARS-13_000185.JPG,5893,6077,2457,2830,5985.0,2643.5,8
185,NARS-13_000185.JPG,4885,5198,2623,2933,5041.5,2778.0,22
185,NARS-13_000185.JPG,4351,4723,3109,3370,4537.0,3239.5,21
185,NARS-13_000185.JPG,5069,5384,2481,2748,5226.5,2614.5,20
185,NARS-13_000185.JPG,669,942,173,533,805.5,353.0,12
185,NARS-13_000185.JPG,5659,5971,2683,3008,5815.0,2845.5,7
185,NARS-13_000185.JPG,4011,4227,2206,2405,4119.0,2305.5,41
185,NARS-13_000185.JPG,4012,4276,3344,3417,4144.0,3380.5,18
185,NARS-13_000185.JPG,3344,3711,2011,2297,3527.5,2154.0,23
185,NARS-13_000185.JPG,3855,4151,3048,3365,4003.0,3206.5,19
185,NARS-13_000185.JPG,5690,6005,1456,1779,5847.5,1617.5,13
185,NARS-13_000185.JPG,2661,2932,1531,1882,2796.5,1706.5,50
185,NARS-13_000185.JPG,5087,5348,216,443,5217.5,329.5,42
185,NARS-13_000185.JPG,5199,5590,2926,3267,5394.5,3096.5,11
185,NARS-13_000185.JPG,5614,6000,1006,1332,5807.0,1169.0,17
185,NARS-13_000185.JPG,2763,3055,9,343,2909.0,176.0,16
185,NARS-13_000185.JPG,5289,5527,1962,2203,5408.0,2082.5,38
185,NARS-13_000185.JPG,4488,4783,2967,3220,4635.5,3093.5,37
185,NARS-13_000185.JPG,4922,5243,1286,1605,5082.5,1445.5,34
185,NARS-13_000185.JPG,4988,5424,2222,2541,5206.0,2381.5,25
185,NARS-13_000185.JPG,4825,5114,1026,1348,4969.5,1187.0,2
185,NARS-13_000185.JPG,2044,2464,674,1103,2254.0,888.5,28
185,NARS-13_000185.JPG,5394,5761,1822,2047,5577.5,1934.5,36
185,NARS-13_000185.JPG,5782,6077,2168,2471,5929.5,2319.5,40
185,NARS-13_000185.JPG,3530,3847,1440,1827,3688.5,1633.5,27
185,NARS-13_000185.JPG,1797,2084,1036,1350,1940.5,1193.0,32
185,NARS-13_000185.JPG,1535,1667,1794,1919,1601.0,1856.5,51
186,NARS-13_000186.JPG,3030,3273,2497,2824,3151.5,2660.5,10
186,NARS-13_000186.JPG,1343,1688,609,966,1515.5,787.5,14
186,NARS-13_000186.JPG,2649,2978,2311,2581,2813.5,2446.0,26
186,NARS-13_000186.JPG,722,931,2310,2501,826.5,2405.5,44
186,NARS-13_000186.JPG,1551,1682,1800,1934,1616.5,1867.0,51
186,NARS-13_000186.JPG,1458,1696,350,505,1577.0,427.5,46
186,NARS-13_000186.JPG,2981,3280,2227,2589,3130.5,2408.0,15
186,NARS-13_000186.JPG,5824,6080,3073,3372,5952.0,3222.5,0
186,NARS-13_000186.JPG,1035,1292,1369,1704,1163.5,1536.5,6
186,NARS-13_000186.JPG,5253,5589,2480,2751,5421.0,2615.5,4
186,NARS-13_000186.JPG,857,1085,540,930,971.0,735.0,5
186,NARS-13_000186.JPG,5644,5916,2151,2422,5780.0,2286.5,3
186,NARS-13_000186.JPG,584,797,2178,2343,690.5,2260.5,39
186,NARS-13_000186.JPG,699,1020,168,529,859.5,348.5,12
186,NARS-13_000186.JPG,4368,4715,3109,3370,4541.5,3239.5,21
186,NARS-13_000186.JPG,1155,1314,2666,2849,1234.5,2757.5,47
186,NARS-13_000186.JPG,4492,4817,2306,2620,4654.5,2463.0,30
186,NARS-13_000186.JPG,5086,5407,2470,2751,5246.5,2610.5,20
186,NARS-13_000186.JPG,1637,1900,256,505,1768.5,380.5,45
186,NARS-13_000186.JPG,5945,6080,2511,2764,6012.5,2637.5,8
186,NARS-13_000186.JPG,3566,3721,1941,2088,3643.5,2014.5,49
186,NARS-13_000186.JPG,4479,4849,1417,1694,4664.0,1555.5,31
186,NARS-13_000186.JPG,2514,2678,1655,1806,2596.0,1730.5,35
186,NARS-13_000186.JPG,4913,5264,2643,2949,5088.5,2796.0,22
186,NARS-13_000186.JPG,4052,4274,2208,2416,4163.0,2312.0,41
186,NARS-13_000186.JPG,5706,5998,2693,3024,5852.0,2858.5,7
186,NARS-13_000186.JPG,3365,3719,2012,2310,3542.0,2161.0,23
186,NARS-13_000186.JPG,3900,4213,3039,3386,4056.5,3212.5,18
186,NARS-13_000186.JPG,5720,6028,1466,1783,5874.0,1624.5,13
186,NARS-13_000186.JPG,476,685,2119,2408,580.5,2263.5,48
186,NARS-13_000186.JPG,5658,6032,1018,1349,5845.0,1183.5,17
186,NARS-13_000186.JPG,2778,3012,1629,1959,2895.0,1794.0,50
186,NARS-13_000186.JPG,5183,5454,197,436,5318.5,316.5,42
186,NARS-13_000186.JPG,5302,5591,1973,2218,5446.5,2095.5,38
186,NARS-13_000186.JPG,4880,5158,1046,1358,5019.0,1202.0,2
186,NARS-13_000186.JPG,5255,5637,2948,3281,5446.0,3114.5,11
186,NARS-13_000186.JPG,2809,3098,34,373,2953.5,203.5,16
186,NARS-13_000186.JPG,5810,6080,2170,2478,5945.0,2324.0,40
186,NARS-13_000186.JPG,5433,5803,1828,2053,5618.0,1940.5,36
186,NARS-13_000186.JPG,5081,5521,2280,2572,5301.0,2426.0,24
186,NARS-13_000186.JPG,4601,4852,2995,3229,4726.5,3112.0,37
186,NARS-13_000186.JPG,5049,5310,1283,1613,5179.5,1448.0,34
186,NARS-13_000186.JPG,3591,3877,1441,1827,3734.0,1634.0,27
186,NARS-13_000186.JPG,2147,2546,722,1146,2346.5,934.0,28
186,NARS-13_000186.JPG,4052,4318,3344,3419,4185.0,3381.5,19
186,NARS-13_000186.JPG,1877,2143,1087,1385,2010.0,1236.0,32
187,NARS-13_000187.JPG,3009,3292,2254,2540,3150.5,2397.0,15
187,NARS-13_000187.JPG,3056,3267,2507,2813,3161.5,2660.0,10
187,NARS-13_000187.JPG,5829,6074,3081,3367,5951.5,3224.0,0
187,NARS-13_000187.JPG,1569,1700,1809,1943,1634.5,1876.0,51
187,NARS-13_000187.JPG,1481,1692,349,516,1586.5,432.5,46
187,NARS-13_000187.JPG,725,936,2319,2527,830.5,2423.0,44
187,NARS-13_000187.JPG,5297,5589,2493,2747,5443.0,2620.0,4
187,NARS-13_000187.JPG,2656,3018,2330,2597,2837.0,2463.5,26
187,NARS-13_000187.JPG,1027,1278,1370,1716,1152.5,1543.0,6
187,NARS-13_000187.JPG,1371,1676,644,996,1523.5,820.0,14
187,NARS-13_000187.JPG,858,1075,560,934,966.5,747.0,5
187,NARS-13_000187.JPG,5653,5930,2176,2440,5791.5,2308.0,3
187,NARS-13_000187.JPG,604,780,2179,2368,692.0,2273.5,39
187,NARS-13_000187.JPG,5090,5386,2496,2763,5238.0,2629.5,20
187,NARS-13_000187.JPG,4386,4719,3115,3357,4552.5,3236.0,21
187,NARS-13_000187.JPG,767,1097,207,572,932.0,389.5,12
187,NARS-13_000187.JPG,1210,1360,2666,2857,1285.0,2761.5,47
187,NARS-13_000187.JPG,1672,1920,274,525,1796.0,399.5,45
187,NARS-13_000187.JPG,4046,4275,2213,2411,4160.5,2312.0,41
187,NARS-13_000187.JPG,2342,2512,1704,1852,2427.0,1778.0,35
187,NARS-13_000187.JPG,3902,4196,3080,3387,4049.0,3233.5,18
187,NARS-13_000187.JPG,4933,5263,2682,2968,5098.0,2825.0,22
187,NARS-13_000187.JPG,487,676,2144,2405,581.5,2274.5,48
187,NARS-13_000187.JPG,4552,4866,2348,2628,4709.0,2488.0,30
187,NARS-13_000187.JPG,5737,6026,1481,1808,5881.5,1644.5,13
187,NARS-13_000187.JPG,3385,3737,2016,2296,3561.0,2156.0,23
187,NARS-13_000187.JPG,5750,6020,2700,3030,5885.0,2865.0,7
187,NARS-13_000187.JPG,3634,3813,1967,2149,3723.5,2058.0,49
187,NARS-13_000187.JPG,4584,4930,1437,1711,4757.0,1574.0,31
187,NARS-13_000187.JPG,5678,6033,1053,1411,5855.5,1232.0,17
187,NARS-13_000187.JPG,5317,5565,1967,2215,5441.0,2091.0,38
187,NARS-13_000187.JPG,4911,5166,1110,1390,5038.5,1250.0,34
187,NARS-13_000187.JPG,5247,5618,2943,3276,5432.5,3109.5,11
187,NARS-13_000187.JPG,2754,3018,1786,2053,2886.0,1919.5,50
187,NARS-13_000187.JPG,5212,5498,204,459,5355.0,331.5,42
187,NARS-13_000187.JPG,5829,6074,2150,2471,5951.5,2310.5,40
187,NARS-13_000187.JPG,2823,3100,53,393,2961.5,223.0,16
187,NARS-13_000187.JPG,5439,5797,1833,2066,5618.0,1949.5,36
187,NARS-13_000187.JPG,4637,4892,2996,3229,4764.5,3112.5,37
187,NARS-13_000187.JPG,3578,3883,1462,1846,3730.5,1654.0,27
187,NARS-13_000187.JPG,4052,4318,3344,3419,4185.0,3381.5,19
187,NARS-13_000187.JPG,5184,5577,2289,2575,5380.5,2432.0,24
187,NARS-13_000187.JPG,2207,2569,764,1154,2388.0,959.0,28
187,NARS-13_000187.JPG,1908,2163,1129,1409,2035.5,1269.0,32
187,NARS-13_000187.JPG,5080,5319,1302,1629,5199.5,1465.5,33
189,NARS-13_000189.JPG,3948,4199,2178,2395,4073.5,2286.5,41
189,NARS-13_000189.JPG,1542,1671,1806,1933,1606.5,1869.5,51
189,NARS-13_000189.JPG,3037,3282,2519,2823,3159.5,2671.0,10
189,NARS-13_000189.JPG,5829,6076,3074,3361,5952.5,3217.5,0
189,NARS-13_000189.JPG,1059,1290,1381,1707,1174.5,1544.0,6
189,NARS-13_000189.JPG,1603,1858,174,467,1730.5,320.5,45
189,NARS-13_000189.JPG,5332,5587,2542,2760,5459.5,2651.0,4
189,NARS-13_000189.JPG,867,1099,587,932,983.0,759.5,5
189,NARS-13_000189.JPG,5630,5907,2174,2450,5768.5,2312.0,3
189,NARS-13_000189.JPG,1083,1285,2605,2790,1184.0,2697.5,47
189,NARS-13_000189.JPG,5061,5369,2487,2776,5215.0,2631.5,20
189,NARS-13_000189.JPG,2998,3290,2253,2605,3144.0,2429.0,15
189,NARS-13_000189.JPG,5863,6080,2418,2804,5971.5,2611.0,8
189,NARS-13_000189.JPG,5091,5442,2896,3243,5266.5,3069.5,11
189,NARS-13_000189.JPG,1312,1594,595,945,1453.0,770.0,14
189,NARS-13_000189.JPG,5296,5684,1642,1976,5490.0,1809.0,36
189,NARS-13_000189.JPG,4966,5253,211,511,5109.5,361.0,42
189,NARS-13_000189.JPG,1413,1657,368,583,1535.0,475.5,46
189,NARS-13_000189.JPG,4355,4723,3120,3371,4539.0,3245.5,21
189,NARS-13_000189.JPG,3588,3775,1901,2081,3681.5,1991.0,49
189,NARS-13_000189.JPG,3849,4093,3105,3410,3971.0,3257.5,19
189,NARS-13_000189.JPG,497,763,2010,2316,630.0,2163.0,48
189,NARS-13_000189.JPG,4906,5200,2662,2956,5053.0,2809.0,22
189,NARS-13_000189.JPG,4500,4805,2351,2647,4652.5,2499.0,30
189,NARS-13_000189.JPG,5675,5996,1495,1816,5835.5,1655.5,13
189,NARS-13_000189.JPG,745,1081,288,636,913.0,462.0,12
189,NARS-13_000189.JPG,722,994,2380,2585,858.0,2482.5,44
189,NARS-13_000189.JPG,2735,3061,2366,2603,2898.0,2484.5,26
189,NARS-13_000189.JPG,5233,5544,1837,2156,5388.5,1996.5,38
189,NARS-13_000189.JPG,619,867,2092,2283,743.0,2187.5,39
189,NARS-13_000189.JPG,3394,3741,1931,2265,3567.5,2098.0,23
189,NARS-13_000189.JPG,5691,5996,2729,3034,5843.5,2881.5,7
189,NARS-13_000189.JPG,2284,2445,1573,1754,2364.5,1663.5,35
189,NARS-13_000189.JPG,3384,3775,1497,1890,3579.5,1693.5,27
189,NARS-13_000189.JPG,4087,4301,3353,3419,4194.0,3386.0,18
189,NARS-13_000189.JPG,2732,3036,116,425,2884.0,270.5,16
189,NARS-13_000189.JPG,4651,4988,1370,1677,4819.5,1523.5,34
189,NARS-13_000189.JPG,5623,6001,1048,1355,5812.0,1201.5,17
189,NARS-13_000189.JPG,5783,6075,2195,2495,5929.0,2345.0,40
189,NARS-13_000189.JPG,4575,4862,2985,3231,4718.5,3108.0,37
189,NARS-13_000189.JPG,4767,5093,1067,1370,4930.0,1218.5,29
189,NARS-13_000189.JPG,2446,2811,1852,2073,2628.5,1962.5,50
189,NARS-13_000189.JPG,1802,2079,1129,1418,1940.5,1273.5,32
189,NARS-13_000189.JPG,2153,2534,744,1143,2343.5,943.5,28
189,NARS-13_000189.JPG,5141,5553,2229,2562,5347.0,2395.5,24
189,NARS-13_000189.JPG,4903,5242,1351,1652,5072.5,1501.5,31
189,NARS-13_000189.JPG,2883,3032,291,401,2957.5,346.0,52
189,NARS-13_000189.JPG,3717,3983,3335,3410,3850.0,3372.5,53
191,NARS-13_000191.JPG,2833,3058,254,436,2945.5,345.0,52
191,NARS-13_000191.JPG,3021,3295,2510,2825,3158.0,2667.5,10
191,NARS-13_000191.JPG,5820,6079,3079,3361,5949.5,3220.0,0
191,NARS-13_000191.JPG,1530,1659,1801,1953,1594.5,1877.0,51
191,NARS-13_000191.JPG,1058,1295,1385,1716,1176.5,1550.5,6
191,NARS-13_000191.JPG,5606,5852,2209,2480,5729.0,2344.5,3
191,NARS-13_000191.JPG,2995,3281,2234,2602,3138.0,2418.0,15
191,NARS-13_000191.JPG,5337,5587,2541,2759,5462.0,2650.0,4
191,NARS-13_000191.JPG,708,933,214,584,820.5,399.0,12
191,NARS-13_000191.JPG,3945,4224,2208,2408,4084.5,2308.0,41
191,NARS-13_000191.JPG,690,963,2338,2546,826.5,2442.0,44
191,NARS-13_000191.JPG,1608,1894,130,433,1751.0,281.5,45
191,NARS-13_000191.JPG,553,836,2128,2376,694.5,2252.0,39
191,NARS-13_000191.JPG,1408,1656,261,526,1532.0,393.5,46
191,NARS-13_000191.JPG,878,1104,548,876,991.0,712.0,5
191,NARS-13_000191.JPG,5875,6078,2436,2822,5976.5,2629.0,8
191,NARS-13_000191.JPG,1311,1605,610,950,1458.0,780.0,14
191,NARS-13_000191.JPG,1051,1290,2632,2851,1170.5,2741.5,47
191,NARS-13_000191.JPG,5171,5522,1923,2183,5346.5,2053.0,38
191,NARS-13_000191.JPG,3851,4086,3107,3418,3968.5,3262.5,19
191,NARS-13_000191.JPG,1976,2306,677,1086,2141.0,881.5,28
191,NARS-13_000191.JPG,5052,5398,182,483,5225.0,332.5,42
191,NARS-13_000191.JPG,5084,5415,2521,2807,5249.5,2664.0,20
191,NARS-13_000191.JPG,4506,4811,2340,2641,4658.5,2490.5,30
191,NARS-13_000191.JPG,2648,2969,93,429,2808.5,261.0,16
191,NARS-13_000191.JPG,5636,5967,2710,3018,5801.5,2864.0,7
191,NARS-13_000191.JPG,5670,5993,1482,1797,5831.5,1639.5,13
191,NARS-13_000191.JPG,5325,5719,1654,1978,5522.0,1816.0,36
191,NARS-13_000191.JPG,4430,4772,2967,3212,4601.0,3089.5,37
191,NARS-13_000191.JPG,4521,4863,1421,1696,4692.0,1558.5,31
191,NARS-13_000191.JPG,4373,4756,3140,3374,4564.5,3257.0,21
191,NARS-13_000191.JPG,3409,3660,1868,2109,3534.5,1988.5,49
191,NARS-13_000191.JPG,5123,5505,2920,3262,5314.0,3091.0,11
191,NARS-13_000191.JPG,472,686,2080,2408,579.0,2244.0,48
191,NARS-13_000191.JPG,1661,1932,1090,1390,1796.5,1240.0,32
191,NARS-13_000191.JPG,4940,5243,2723,2985,5091.5,2854.0,22
191,NARS-13_000191.JPG,4870,5212,1275,1604,5041.0,1439.5,34
191,NARS-13_000191.JPG,2792,3100,2381,2607,2946.0,2494.0,26
191,NARS-13_000191.JPG,3382,3774,1517,1912,3578.0,1714.5,27
191,NARS-13_000191.JPG,3366,3724,2069,2319,3545.0,2194.0,23
191,NARS-13_000191.JPG,5766,6044,2222,2498,5905.0,2360.0,40
191,NARS-13_000191.JPG,2212,2424,1638,1867,2318.0,1752.5,35
191,NARS-13_000191.JPG,2648,2953,1430,1795,2800.5,1612.5,50
191,NARS-13_000191.JPG,5052,5453,2268,2557,5252.5,2412.5,24
191,NARS-13_000191.JPG,4742,5064,1046,1359,4903.0,1202.5,29
191,NARS-13_000191.JPG,5564,5938,1052,1363,5751.0,1207.5,17
191,NARS-13_000191.JPG,4785,4920,3203,3334,4852.5,3268.5,54
192,NARS-13_000192.JPG,1593,1878,158,483,1735.5,320.5,45
192,NARS-13_000192.JPG,2851,3082,267,433,2966.5,350.0,52
192,NARS-13_000192.JPG,4767,4923,3223,3349,4845.0,3286.0,54
192,NARS-13_000192.JPG,5810,6078,3094,3355,5944.0,3224.5,0
192,NARS-13_000192.JPG,3018,3306,2216,2593,3162.0,2404.5,15
192,NARS-13_000192.JPG,1522,1661,1799,1977,1591.5,1888.0,51
192,NARS-13_000192.JPG,1050,1301,1391,1718,1175.5,1554.5,6
192,NARS-13_000192.JPG,5661,5929,2179,2459,5795.0,2319.0,40
192,NARS-13_000192.JPG,1413,1644,293,585,1528.5,439.0,46
192,NARS-13_000192.JPG,3928,4220,2210,2423,4074.0,2316.5,41
192,NARS-13_000192.JPG,5372,5582,2553,2749,5477.0,2651.0,4
192,NARS-13_000192.JPG,3510,3808,1832,2089,3659.0,1960.5,49
192,NARS-13_000192.JPG,929,1149,529,879,1039.0,704.0,5
192,NARS-13_000192.JPG,1030,1281,2625,2859,1155.5,2742.0,47
192,NARS-13_000192.JPG,598,832,2038,2321,715.0,2179.5,48
192,NARS-13_000192.JPG,1419,1756,585,943,1587.5,764.0,14
192,NARS-13_000192.JPG,4512,4815,2352,2651,4663.5,2501.5,30
192,NARS-13_000192.JPG,4369,4739,3152,3375,4554.0,3263.5,21
192,NARS-13_000192.JPG,4398,4730,2991,3235,4564.0,3113.0,37
192,NARS-13_000192.JPG,468,695,2049,2361,581.5,2205.0,39
192,NARS-13_000192.JPG,5932,6078,2447,2723,6005.0,2585.0,8
192,NARS-13_000192.JPG,3076,3397,2534,2787,3236.5,2660.5,10
192,NARS-13_000192.JPG,701,966,2399,2589,833.5,2494.0,44
192,NARS-13_000192.JPG,3889,4125,3106,3418,4007.0,3262.0,18
192,NARS-13_000192.JPG,5125,5433,2535,2815,5279.0,2675.0,20
192,NARS-13_000192.JPG,5070,5409,134,405,5239.5,269.5,42
192,NARS-13_000192.JPG,5666,5979,2727,3037,5822.5,2882.0,7
192,NARS-13_000192.JPG,5121,5487,2954,3284,5304.0,3119.0,11
192,NARS-13_000192.JPG,4933,5236,2715,2978,5084.5,2846.5,22
192,NARS-13_000192.JPG,2661,2966,1487,1841,2813.5,1664.0,50
192,NARS-13_000192.JPG,5718,6035,1497,1803,5876.5,1650.0,13
192,NARS-13_000192.JPG,2297,2518,1683,1929,2407.5,1806.0,35
192,NARS-13_000192.JPG,5661,6011,994,1336,5836.0,1165.0,17
192,NARS-13_000192.JPG,4600,4692,1576,1674,4646.0,1625.0,31
192,NARS-13_000192.JPG,2710,3025,93,414,2867.5,253.5,16
192,NARS-13_000192.JPG,5276,5578,1863,2171,5427.0,2017.0,38
192,NARS-13_000192.JPG,2801,3112,2388,2607,2956.5,2497.5,26
192,NARS-13_000192.JPG,3402,3750,2049,2309,3576.0,2179.0,23
192,NARS-13_000192.JPG,2046,2399,627,1048,2222.5,837.5,28
192,NARS-13_000192.JPG,4901,5227,1318,1633,5064.0,1475.5,34
192,NARS-13_000192.JPG,5404,5796,1580,1922,5600.0,1751.0,36
192,NARS-13_000192.JPG,771,1106,104,429,938.5,266.5,12
192,NARS-13_000192.JPG,1777,2056,1086,1380,1916.5,1233.0,32
192,NARS-13_000192.JPG,4789,5102,1036,1334,4945.5,1185.0,2
192,NARS-13_000192.JPG,5851,6078,2188,2468,5964.5,2328.0,3
192,NARS-13_000192.JPG,3543,3868,1458,1833,3705.5,1645.5,27
192,NARS-13_000192.JPG,5183,5576,2291,2580,5379.5,2435.5,24
192,NARS-13_000192.JPG,4636,4973,1446,1706,4804.5,1576.0,29
192,NARS-13_000192.JPG,4373,4584,9,133,4478.5,71.0,55
193,NARS-13_000193.JPG,5620,5877,2185,2463,5748.5,2324.0,3
193,NARS-13_000193.JPG,2580,2910,58,400,2745.0,229.0,16
193,NARS-13_000193.JPG,5814,6080,3070,3357,5947.0,3213.5,0
193,NARS-13_000193.JPG,4388,4580,-2,120,4484.0,59.0,55
193,NARS-13_000193.JPG,5315,5585,2540,2758,5450.0,2649.0,4
193,NARS-13_000193.JPG,5811,6080,2439,2823,5945.5,2631.0,8
193,NARS-13_000193.JPG,4463,4814,1361,1687,4638.5,1524.0,31
193,NARS-13_000193.JPG,1512,1667,1778,1984,1589.5,1881.0,51
193,NARS-13_000193.JPG,4461,4761,2318,2629,4611.0,2473.5,30
193,NARS-13_000193.JPG,3824,4041,3076,3406,3932.5,3241.0,19
193,NARS-13_000193.JPG,1041,1308,1389,1715,1174.5,1552.0,6
193,NARS-13_000193.JPG,4979,5316,164,452,5147.5,308.0,42
193,NARS-13_000193.JPG,5081,5482,1845,2171,5281.5,2008.0,38
193,NARS-13_000193.JPG,1936,2264,642,1067,2100.0,854.5,28
193,NARS-13_000193.JPG,557,810,2040,2336,683.5,2188.0,48
193,NARS-13_000193.JPG,898,1134,541,908,1016.0,724.5,5
193,NARS-13_000193.JPG,4868,5178,2631,2955,5023.0,2793.0,22
193,NARS-13_000193.JPG,3046,3319,2500,2829,3182.5,2664.5,10
193,NARS-13_000193.JPG,3304,3665,1444,1829,3484.5,1636.5,27
193,NARS-13_000193.JPG,4756,4927,3159,3330,4841.5,3244.5,54
193,NARS-13_000193.JPG,2786,3063,257,459,2924.5,358.0,52
193,NARS-13_000193.JPG,1570,1863,129,472,1716.5,300.5,45
193,NARS-13_000193.JPG,3879,4197,2176,2413,4038.0,2294.5,41
193,NARS-13_000193.JPG,5011,5332,2443,2758,5171.5,2600.5,20
193,NARS-13_000193.JPG,1384,1642,245,545,1513.0,395.0,46
193,NARS-13_000193.JPG,5239,5591,1584,1928,5415.0,1756.0,36
193,NARS-13_000193.JPG,5603,5938,2700,3012,5770.5,2856.0,7
193,NARS-13_000193.JPG,4344,4728,3119,3370,4536.0,3244.5,21
193,NARS-13_000193.JPG,2954,3247,2156,2551,3100.5,2353.5,15
193,NARS-13_000193.JPG,1300,1607,608,958,1453.5,783.0,14
193,NARS-13_000193.JPG,4311,4658,2894,3199,4484.5,3046.5,37
193,NARS-13_000193.JPG,4787,5144,1278,1613,4965.5,1445.5,34
193,NARS-13_000193.JPG,1620,1894,1044,1377,1757.0,1210.5,32
193,NARS-13_000193.JPG,3312,3678,1993,2297,3495.0,2145.0,23
193,NARS-13_000193.JPG,686,912,175,543,799.0,359.0,12
193,NARS-13_000193.JPG,1000,1269,2602,2860,1134.5,2731.0,47
193,NARS-13_000193.JPG,674,942,2356,2606,808.0,2481.0,44
193,NARS-13_000193.JPG,5644,5991,1479,1784,5817.5,1631.5,13
193,NARS-13_000193.JPG,4628,4968,990,1316,4798.0,1153.0,29
193,NARS-13_000193.JPG,2736,3073,2360,2600,2904.5,2480.0,26
193,NARS-13_000193.JPG,5132,5490,2915,3273,5311.0,3094.0,11
193,NARS-13_000193.JPG,447,677,2099,2419,562.0,2259.0,39
193,NARS-13_000193.JPG,3633,3878,3258,3420,3755.5,3339.0,53
193,NARS-13_000193.JPG,5759,6050,2199,2493,5904.5,2346.0,40
193,NARS-13_000193.JPG,4964,5331,2173,2536,5147.5,2354.5,25
193,NARS-13_000193.JPG,2423,2830,1490,1864,2626.5,1677.0,35
193,NARS-13_000193.JPG,3337,3595,1753,2038,3466.0,1895.5,49
193,NARS-13_000193.JPG,5478,5885,1016,1360,5681.5,1188.0,33
193,NARS-13_000193.JPG,2154,2435,1571,1837,2294.5,1704.0,50
193,NARS-13_000193.JPG,4545,4686,1571,1694,4615.5,1632.5,56
193,NARS-13_000193.JPG,5143,5331,3290,3419,5237.0,3354.5,57
194,NARS-13_000194.JPG,4381,4582,1,110,4481.5,55.5,55
194,NARS-13_000194.JPG,5815,6080,3069,3359,5947.5,3214.0,0
194,NARS-13_000194.JPG,4757,5118,1222,1566,4937.5,1394.0,34
194,NARS-13_000194.JPG,2591,2924,38,381,2757.5,209.5,16
194,NARS-13_000194.JPG,5060,5352,2481,2787,5206.0,2634.0,20
194,NARS-13_000194.JPG,4344,4695,2889,3210,4519.5,3049.5,37
194,NARS-13_000194.JPG,1506,1664,1758,1987,1585.0,1872.5,51
194,NARS-13_000194.JPG,5319,5590,2542,2748,5454.5,2645.0,4
194,NARS-13_000194.JPG,3896,4220,2147,2393,4058.0,2270.0,41
194,NARS-13_000194.JPG,1331,1648,618,966,1489.5,792.0,14
194,NARS-13_000194.JPG,5822,6079,2407,2820,5950.5,2613.5,8
194,NARS-13_000194.JPG,4473,4775,2297,2603,4624.0,2450.0,30
194,NARS-13_000194.JPG,1052,1309,1393,1716,1180.5,1554.5,6
194,NARS-13_000194.JPG,4771,4950,3155,3337,4860.5,3246.0,54
194,NARS-13_000194.JPG,1613,1894,988,1311,1753.5,1149.5,32
194,NARS-13_000194.JPG,5625,5906,2165,2455,5765.5,2310.0,3
194,NARS-13_000194.JPG,5172,5358,3280,3420,5265.0,3350.0,57
194,NARS-13_000194.JPG,4534,4685,1546,1662,4609.5,1604.0,56
194,NARS-13_000194.JPG,2789,3064,229,423,2926.5,326.0,52
194,NARS-13_000194.JPG,1575,1880,114,463,1727.5,288.5,45
194,NARS-13_000194.JPG,3048,3326,2489,2825,3187.0,2657.0,10
194,NARS-13_000194.JPG,4476,4842,1319,1663,4659.0,1491.0,31
194,NARS-13_000194.JPG,504,819,2012,2331,661.5,2171.5,48
194,NARS-13_000194.JPG,906,1128,533,901,1017.0,717.0,5
194,NARS-13_000194.JPG,5137,5515,1825,2161,5326.0,1993.0,38
194,NARS-13_000194.JPG,2956,3258,2172,2564,3107.0,2368.0,15
194,NARS-13_000194.JPG,5255,5622,1571,1924,5438.5,1747.5,36
194,NARS-13_000194.JPG,5610,5941,2690,3004,5775.5,2847.0,7
194,NARS-13_000194.JPG,4344,4713,3125,3374,4528.5,3249.5,21
194,NARS-13_000194.JPG,4888,5197,2648,2960,5042.5,2804.0,22
194,NARS-13_000194.JPG,1375,1650,225,545,1512.5,385.0,46
194,NARS-13_000194.JPG,3324,3688,1444,1812,3506.0,1628.0,27
194,NARS-13_000194.JPG,2716,3058,2339,2592,2887.0,2465.5,26
194,NARS-13_000194.JPG,5643,5990,1479,1792,5816.5,1635.5,13
194,NARS-13_000194.JPG,3326,3695,1996,2286,3510.5,2141.0,23
194,NARS-13_000194.JPG,668,942,2357,2612,805.0,2484.5,44
194,NARS-13_000194.JPG,987,1256,2582,2857,1121.5,2719.5,47
194,NARS-13_000194.JPG,2256,2539,1599,1889,2397.5,1744.0,35
194,NARS-13_000194.JPG,3406,3720,1737,2046,3563.0,1891.5,49
194,NARS-13_000194.JPG,442,676,2043,2373,559.0,2208.0,39
194,NARS-13_000194.JPG,3879,4123,3088,3420,4001.0,3254.0,19
194,NARS-13_000194.JPG,5141,5507,2932,3281,5324.0,3106.5,11
194,NARS-13_000194.JPG,5058,5438,123,392,5248.0,257.5,42
194,NARS-13_000194.JPG,4635,5001,934,1264,4818.0,1099.0,29
194,NARS-13_000194.JPG,694,972,116,466,833.0,291.0,12
194,NARS-13_000194.JPG,1935,2260,552,959,2097.5,755.5,28
194,NARS-13_000194.JPG,5772,6068,2177,2467,5920.0,2322.0,40
194,NARS-13_000194.JPG,5577,5979,960,1314,5778.0,1137.0,17
194,NARS-13_000194.JPG,5005,5402,2181,2534,5203.5,2357.5,24
194,NARS-13_000194.JPG,2366,2778,1447,1823,2572.0,1635.0,50
195,NARS-13_000195.JPG,5160,5346,3288,3417,5253.0,3352.5,57
195,NARS-13_000195.JPG,2577,2915,57,398,2746.0,227.5,16
195,NARS-13_000195.JPG,4369,4581,1,103,4475.0,52.0,55
195,NARS-13_000195.JPG,5815,6075,3075,3357,5945.0,3216.0,0
195,NARS-13_000195.JPG,4464,4816,1332,1663,4640.0,1497.5,31
195,NARS-13_000195.JPG,4460,4751,2287,2594,4605.5,2440.5,30
195,NARS-13_000195.JPG,5610,5909,2165,2459,5759.5,2312.0,3
195,NARS-13_000195.JPG,3897,4227,2140,2393,4062.0,2266.5,41
195,NARS-13_000195.JPG,1589,1859,977,1299,1724.0,1138.0,32
195,NARS-13_000195.JPG,5323,5591,2533,2749,5457.0,2641.0,4
195,NARS-13_000195.JPG,5833,6077,2418,2820,5955.0,2619.0,8
195,NARS-13_000195.JPG,1059,1315,1396,1719,1187.0,1557.5,6
195,NARS-13_000195.JPG,1497,1655,1750,1992,1576.0,1871.0,51
195,NARS-13_000195.JPG,4861,5155,2587,2923,5008.0,2755.0,22
195,NARS-13_000195.JPG,4328,4708,3103,3362,4518.0,3232.5,21
195,NARS-13_000195.JPG,4561,4711,1577,1698,4636.0,1637.5,56
195,NARS-13_000195.JPG,4743,4937,3132,3333,4840.0,3232.5,54
195,NARS-13_000195.JPG,512,806,2018,2328,659.0,2173.0,48
195,NARS-13_000195.JPG,3297,3664,1967,2283,3480.5,2125.0,23
195,NARS-13_000195.JPG,3301,3664,1424,1824,3482.5,1624.0,27
195,NARS-13_000195.JPG,4717,5065,1231,1578,4891.0,1404.5,34
195,NARS-13_000195.JPG,2706,3049,2339,2587,2877.5,2463.0,26
195,NARS-13_000195.JPG,2784,3054,201,409,2919.0,305.0,52
195,NARS-13_000195.JPG,5619,5949,2691,3005,5784.0,2848.0,7
195,NARS-13_000195.JPG,2952,3250,2161,2550,3101.0,2355.5,15
195,NARS-13_000195.JPG,3062,3344,2469,2807,3203.0,2638.0,10
195,NARS-13_000195.JPG,953,1133,530,890,1043.0,710.0,5
195,NARS-13_000195.JPG,3674,4030,3247,3416,3852.0,3331.5,53
195,NARS-13_000195.JPG,1314,1614,554,936,1464.0,745.0,14
195,NARS-13_000195.JPG,4587,4935,943,1268,4761.0,1105.5,29
195,NARS-13_000195.JPG,5048,5376,2425,2742,5212.0,2583.5,20
195,NARS-13_000195.JPG,5224,5589,1573,1919,5406.5,1746.0,36
195,NARS-13_000195.JPG,1372,1620,214,551,1496.0,382.5,46
195,NARS-13_000195.JPG,1910,2205,593,1010,2057.5,801.5,28
195,NARS-13_000195.JPG,1548,1826,103,447,1687.0,275.0,45
195,NARS-13_000195.JPG,5622,5981,1468,1768,5801.5,1618.0,13
195,NARS-13_000195.JPG,674,955,2368,2621,814.5,2494.5,44
195,NARS-13_000195.JPG,5062,5422,147,458,5242.0,302.5,42
195,NARS-13_000195.JPG,2280,2524,1563,1838,2402.0,1700.5,35
195,NARS-13_000195.JPG,982,1252,2581,2866,1117.0,2723.5,47
195,NARS-13_000195.JPG,5060,5456,1775,2131,5258.0,1953.0,38
195,NARS-13_000195.JPG,695,921,135,512,808.0,323.5,12
195,NARS-13_000195.JPG,3868,4129,3036,3393,3998.5,3214.5,19
195,NARS-13_000195.JPG,437,672,2031,2357,554.5,2194.0,39
195,NARS-13_000195.JPG,4281,4620,2829,3147,4450.5,2988.0,37
195,NARS-13_000195.JPG,5209,5506,2907,3262,5357.5,3084.5,11
195,NARS-13_000195.JPG,5770,6059,2186,2460,5914.5,2323.0,40
195,NARS-13_000195.JPG,4966,5338,2120,2500,5152.0,2310.0,25
195,NARS-13_000195.JPG,3361,3661,1690,2014,3511.0,1852.0,49
195,NARS-13_000195.JPG,5516,5910,982,1346,5713.0,1164.0,33
195,NARS-13_000195.JPG,2330,2722,1417,1799,2526.0,1608.0,50
195,NARS-13_000195.JPG,2486,2600,2556,2699,2543.0,2627.5,58
196,NARS-13_000196.JPG,4854,5141,2630,2936,4997.5,2783.0,22
196,NARS-13_000196.JPG,5157,5355,3273,3418,5256.0,3345.5,57
196,NARS-13_000196.JPG,4368,4576,0,109,4472.0,54.5,55
196,NARS-13_000196.JPG,2484,2605,2542,2689,2544.5,2615.5,58
196,NARS-13_000196.JPG,5807,6076,3077,3353,5941.5,3215.0,0
196,NARS-13_000196.JPG,1062,1304,1382,1707,1183.0,1544.5,6
196,NARS-13_000196.JPG,4332,4688,3093,3357,4510.0,3225.0,21
196,NARS-13_000196.JPG,5820,6079,2431,2821,5949.5,2626.0,8
196,NARS-13_000196.JPG,1507,1654,1742,1993,1580.5,1867.5,51
196,NARS-13_000196.JPG,3041,3299,2475,2809,3170.0,2642.0,10
196,NARS-13_000196.JPG,5322,5569,2524,2740,5445.5,2632.0,4
196,NARS-13_000196.JPG,4461,4745,2280,2584,4603.0,2432.0,30
196,NARS-13_000196.JPG,3889,4210,2155,2396,4049.5,2275.5,41
196,NARS-13_000196.JPG,5620,5909,2164,2449,5764.5,2306.5,3
196,NARS-13_000196.JPG,3300,3661,1957,2275,3480.5,2116.0,23
196,NARS-13_000196.JPG,5624,5933,2674,2969,5778.5,2821.5,7
196,NARS-13_000196.JPG,1586,1847,975,1286,1716.5,1130.5,32
196,NARS-13_000196.JPG,3814,4019,3051,3368,3916.5,3209.5,19
196,NARS-13_000196.JPG,2566,2884,26,360,2725.0,193.0,16
196,NARS-13_000196.JPG,4996,5342,145,421,5169.0,283.0,42
196,NARS-13_000196.JPG,5243,5608,1592,1924,5425.5,1758.0,36
196,NARS-13_000196.JPG,2704,3038,2334,2584,2871.0,2459.0,26
196,NARS-13_000196.JPG,4733,4921,3112,3318,4827.0,3215.0,54
196,NARS-13_000196.JPG,4517,4667,1519,1658,4592.0,1588.5,56
196,NARS-13_000196.JPG,950,1123,528,896,1036.5,712.0,5
196,NARS-13_000196.JPG,5022,5343,2436,2727,5182.5,2581.5,20
196,NARS-13_000196.JPG,4710,5044,1205,1548,4877.0,1376.5,34
196,NARS-13_000196.JPG,2296,2539,1554,1816,2417.5,1685.0,35
196,NARS-13_000196.JPG,5601,5948,1473,1759,5774.5,1616.0,13
196,NARS-13_000196.JPG,2819,3062,172,373,2940.5,272.5,52
196,NARS-13_000196.JPG,4439,4768,1265,1622,4603.5,1443.5,31
196,NARS-13_000196.JPG,986,1251,2594,2866,1118.5,2730.0,47
196,NARS-13_000196.JPG,2955,3243,2136,2526,3099.0,2331.0,15
196,NARS-13_000196.JPG,690,973,2384,2615,831.5,2499.5,44
196,NARS-13_000196.JPG,5104,5475,1772,2112,5289.5,1942.0,38
196,NARS-13_000196.JPG,1323,1616,513,909,1469.5,711.0,14
196,NARS-13_000196.JPG,1568,1838,76,408,1703.0,242.0,45
196,NARS-13_000196.JPG,1373,1612,199,511,1492.5,355.0,46
196,NARS-13_000196.JPG,4584,4913,910,1229,4748.5,1069.5,29
196,NARS-13_000196.JPG,1928,2239,581,979,2083.5,780.0,28
196,NARS-13_000196.JPG,5198,5477,2907,3252,5337.5,3079.5,11
196,NARS-13_000196.JPG,435,651,2129,2346,543.0,2237.5,39
196,NARS-13_000196.JPG,5774,6038,2178,2444,5906.0,2311.0,40
196,NARS-13_000196.JPG,4952,5308,2153,2507,5130.0,2330.0,25
196,NARS-13_000196.JPG,501,796,1941,2252,648.5,2096.5,48
196,NARS-13_000196.JPG,678,913,112,491,795.5,301.5,12
196,NARS-13_000196.JPG,4277,4613,2799,3128,4445.0,2963.5,37
196,NARS-13_000196.JPG,3343,3720,1385,1732,3531.5,1558.5,27
196,NARS-13_000196.JPG,3608,3859,3105,3418,3733.5,3261.5,53
196,NARS-13_000196.JPG,3363,3657,1690,1970,3510.0,1830.0,49
196,NARS-13_000196.JPG,5480,5868,997,1347,5674.0,1172.0,33
196,NARS-13_000196.JPG,2346,2717,1440,1795,2531.5,1617.5,50
197,NARS-13_000197.JPG,2477,2609,2534,2701,2543.0,2617.5,58
197,NARS-13_000197.JPG,4367,4575,0,95,4471.0,47.5,55
197,NARS-13_000197.JPG,1066,1302,1386,1704,1184.0,1545.0,6
197,NARS-13_000197.JPG,4329,4684,3093,3354,4506.5,3223.5,21
197,NARS-13_000197.JPG,5612,5886,2163,2452,5749.0,2307.5,3
197,NARS-13_000197.JPG,1512,1653,1748,1999,1582.5,1873.5,51
197,NARS-13_000197.JPG,4845,5141,2606,2924,4993.0,2765.0,22
197,NARS-13_000197.JPG,5322,5580,2531,2754,5451.0,2642.5,4
197,NARS-13_000197.JPG,5118,5351,3275,3413,5234.5,3344.0,57
197,NARS-13_000197.JPG,5829,6074,3002,3367,5951.5,3184.5,0
197,NARS-13_000197.JPG,3276,3597,1952,2266,3436.5,2109.0,23
197,NARS-13_000197.JPG,2695,3027,2325,2585,2861.0,2455.0,26
197,NARS-13_000197.JPG,5832,6078,2415,2811,5955.0,2613.0,8
197,NARS-13_000197.JPG,3056,3304,2484,2802,3180.0,2643.0,10
197,NARS-13_000197.JPG,5627,5929,2663,2981,5778.0,2822.0,7
197,NARS-13_000197.JPG,3901,4225,2113,2390,4063.0,2251.5,41
197,NARS-13_000197.JPG,4439,4722,2276,2572,4580.5,2424.0,30
197,NARS-13_000197.JPG,3907,4171,3345,3414,4039.0,3379.5,18
197,NARS-13_000197.JPG,3810,4011,3018,3364,3910.5,3191.0,19
197,NARS-13_000197.JPG,4725,4929,3087,3320,4827.0,3203.5,54
197,NARS-13_000197.JPG,4486,4662,1516,1658,4574.0,1587.0,56
197,NARS-13_000197.JPG,4917,5257,2109,2483,5087.0,2296.0,25
197,NARS-13_000197.JPG,5115,5483,1786,2132,5299.0,1959.0,38
197,NARS-13_000197.JPG,2955,3238,2153,2546,3096.5,2349.5,15
197,NARS-13_000197.JPG,4420,4766,1286,1632,4593.0,1459.0,31
197,NARS-13_000197.JPG,4977,5350,127,390,5163.5,258.5,42
197,NARS-13_000197.JPG,990,1264,2603,2870,1127.0,2736.5,47
197,NARS-13_000197.JPG,2798,3062,163,377,2930.0,270.0,52
197,NARS-13_000197.JPG,666,930,2364,2612,798.0,2488.0,44
197,NARS-13_000197.JPG,5606,5950,1462,1762,5778.0,1612.0,13
197,NARS-13_000197.JPG,946,1109,544,833,1027.5,688.5,5
197,NARS-13_000197.JPG,2537,2855,7,347,2696.0,177.0,16
197,NARS-13_000197.JPG,5159,5442,2930,3238,5300.5,3084.0,11
197,NARS-13_000197.JPG,5244,5602,1550,1893,5423.0,1721.5,36
197,NARS-13_000197.JPG,5008,5304,2405,2726,5156.0,2565.5,24
197,NARS-13_000197.JPG,4703,5027,1195,1541,4865.0,1368.0,34
197,NARS-13_000197.JPG,1364,1600,198,522,1482.0,360.0,46
197,NARS-13_000197.JPG,1550,1820,79,419,1685.0,249.0,45
197,NARS-13_000197.JPG,3603,3858,3144,3414,3730.5,3279.0,53
197,NARS-13_000197.JPG,1537,1773,959,1277,1655.0,1118.0,32
197,NARS-13_000197.JPG,1893,2170,594,984,2031.5,789.0,28
197,NARS-13_000197.JPG,3285,3650,1399,1726,3467.5,1562.5,27
197,NARS-13_000197.JPG,4558,4894,899,1213,4726.0,1056.0,29
197,NARS-13_000197.JPG,1289,1553,550,918,1421.0,734.0,14
197,NARS-13_000197.JPG,5775,6045,2168,2451,5910.0,2309.5,40
197,NARS-13_000197.JPG,2330,2717,1427,1807,2523.5,1617.0,35
197,NARS-13_000197.JPG,430,650,2016,2339,540.0,2177.5,39
197,NARS-13_000197.JPG,578,792,1911,2244,685.0,2077.5,48
197,NARS-13_000197.JPG,4247,4577,2807,3150,4412.0,2978.5,37
197,NARS-13_000197.JPG,666,889,119,462,777.5,290.5,12
197,NARS-13_000197.JPG,3354,3621,1720,1971,3487.5,1845.5,49
197,NARS-13_000197.JPG,5461,5876,902,1295,5668.5,1098.5,33
197,NARS-13_000197.JPG,2256,2470,1502,1823,2363.0,1662.5,50
200,NARS-13_000200.JPG,5804,6081,3059,3348,5942.5,3203.5,0
200,NARS-13_000200.JPG,4316,4677,3079,3355,4496.5,3217.0,21
200,NARS-13_000200.JPG,2485,2608,2545,2690,2546.5,2617.5,58
200,NARS-13_000200.JPG,4880,5217,2082,2465,5048.5,2273.5,25
200,NARS-13_000200.JPG,2675,3025,2303,2580,2850.0,2441.5,26
200,NARS-13_000200.JPG,1049,1314,1386,1703,1181.5,1544.5,6
200,NARS-13_000200.JPG,5292,5572,2523,2745,5432.0,2634.0,4
200,NARS-13_000200.JPG,5115,5355,3249,3419,5235.0,3334.0,57
200,NARS-13_000200.JPG,3039,3278,2453,2817,3158.5,2635.0,10
200,NARS-13_000200.JPG,1488,1659,1728,1993,1573.5,1860.5,51
200,NARS-13_000200.JPG,5127,5373,2903,3198,5250.0,3050.5,11
200,NARS-13_000200.JPG,896,1107,543,904,1001.5,723.5,5
200,NARS-13_000200.JPG,5801,6079,2392,2795,5940.0,2593.5,8
200,NARS-13_000200.JPG,5613,5947,2634,2953,5780.0,2793.5,7
200,NARS-13_000200.JPG,4823,5123,2589,2925,4973.0,2757.0,22
200,NARS-13_000200.JPG,3887,4226,2110,2383,4056.5,2246.5,41
200,NARS-13_000200.JPG,3787,4008,3040,3369,3897.5,3204.5,19
200,NARS-13_000200.JPG,4971,5308,2368,2711,5139.5,2539.5,24
200,NARS-13_000200.JPG,5623,5908,2134,2448,5765.5,2291.0,3
200,NARS-13_000200.JPG,3611,3898,3263,3420,3754.5,3341.5,53
200,NARS-13_000200.JPG,3242,3604,1919,2246,3423.0,2082.5,23
200,NARS-13_000200.JPG,3881,4159,3328,3420,4020.0,3374.0,18
200,NARS-13_000200.JPG,5102,5501,1785,2135,5301.5,1960.0,38
200,NARS-13_000200.JPG,4459,4666,1511,1648,4562.5,1579.5,56
200,NARS-13_000200.JPG,2784,3074,154,381,2929.0,267.5,52
200,NARS-13_000200.JPG,645,934,2338,2614,789.5,2476.0,44
200,NARS-13_000200.JPG,967,1272,2591,2875,1119.5,2733.0,47
200,NARS-13_000200.JPG,4421,4708,2243,2556,4564.5,2399.5,30
200,NARS-13_000200.JPG,4713,4928,3061,3300,4820.5,3180.5,54
200,NARS-13_000200.JPG,2524,2857,0,348,2690.5,174.0,16
200,NARS-13_000200.JPG,3257,3638,1392,1773,3447.5,1582.5,27
200,NARS-13_000200.JPG,2931,3239,2141,2533,3085.0,2337.0,15
200,NARS-13_000200.JPG,4415,4755,1257,1629,4585.0,1443.0,31
200,NARS-13_000200.JPG,4951,5319,109,392,5135.0,250.5,42
200,NARS-13_000200.JPG,5571,5933,1443,1741,5752.0,1592.0,13
200,NARS-13_000200.JPG,4683,5025,1171,1534,4854.0,1352.5,34
200,NARS-13_000200.JPG,5408,5827,901,1273,5617.5,1087.0,33
200,NARS-13_000200.JPG,4542,4897,888,1222,4719.5,1055.0,29
200,NARS-13_000200.JPG,1523,1801,74,422,1662.0,248.0,45
200,NARS-13_000200.JPG,1352,1602,176,502,1477.0,339.0,46
200,NARS-13_000200.JPG,1867,2152,580,999,2009.5,789.5,28
200,NARS-13_000200.JPG,2311,2724,1426,1797,2517.5,1611.5,35
200,NARS-13_000200.JPG,424,659,2011,2326,541.5,2168.5,39
200,NARS-13_000200.JPG,5796,6051,2168,2437,5923.5,2302.5,40
200,NARS-13_000200.JPG,1263,1536,541,920,1399.5,730.5,14
200,NARS-13_000200.JPG,5195,5555,1505,1876,5375.0,1690.5,36
200,NARS-13_000200.JPG,545,800,1906,2237,672.5,2071.5,48
200,NARS-13_000200.JPG,1490,1741,936,1270,1615.5,1103.0,32
200,NARS-13_000200.JPG,635,865,136,501,750.0,318.5,12
200,NARS-13_000200.JPG,4220,4554,2818,3162,4387.0,2990.0,37
200,NARS-13_000200.JPG,3313,3602,1663,1966,3457.5,1814.5,49
200,NARS-13_000200.JPG,2238,2555,1461,1787,2396.5,1624.0,50
206,NARS-13_000206.JPG,3905,4229,2147,2395,4067.0,2271.0,41
206,NARS-13_000206.JPG,5810,6074,3075,3349,5942.0,3212.0,0
206,NARS-13_000206.JPG,2685,3018,2324,2579,2851.5,2451.5,26
206,NARS-13_000206.JPG,1041,1302,1402,1701,1171.5,1551.5,6
206,NARS-13_000206.JPG,5256,5561,2537,2741,5408.5,2639.0,4
206,NARS-13_000206.JPG,3012,3260,2519,2837,3136.0,2678.0,10
206,NARS-13_000206.JPG,4329,4593,3093,3354,4461.0,3223.5,21
206,NARS-13_000206.JPG,5630,5904,2151,2440,5767.0,2295.5,3
206,NARS-13_000206.JPG,4817,5113,2606,2924,4965.0,2765.0,22
206,NARS-13_000206.JPG,5640,5942,2638,2946,5791.0,2792.0,7
206,NARS-13_000206.JPG,5115,5338,2902,3179,5226.5,3040.5,11
206,NARS-13_000206.JPG,1471,1612,1732,1999,1541.5,1865.5,51
206,NARS-13_000206.JPG,858,1069,575,864,963.5,719.5,5
206,NARS-13_000206.JPG,5769,6014,2528,2805,5891.5,2666.5,8
206,NARS-13_000206.JPG,4907,5203,2361,2682,5055.0,2521.5,24
206,NARS-13_000206.JPG,650,930,2363,2611,790.0,2487.0,44
206,NARS-13_000206.JPG,2537,2855,7,347,2696.0,177.0,16
206,NARS-13_000206.JPG,3760,3927,3040,3364,3843.5,3202.0,19
206,NARS-13_000206.JPG,971,1245,2629,2890,1108.0,2759.5,47
206,NARS-13_000206.JPG,2429,2579,2605,2773,2504.0,2689.0,58
206,NARS-13_000206.JPG,1525,1773,88,428,1649.0,258.0,45
206,NARS-13_000206.JPG,4533,4854,899,1213,4693.5,1056.0,29
206,NARS-13_000206.JPG,4676,5000,1180,1526,4838.0,1353.0,34
206,NARS-13_000206.JPG,1331,1567,198,522,1449.0,360.0,46
206,NARS-13_000206.JPG,5564,5907,1443,1720,5735.5,1581.5,13
206,NARS-13_000206.JPG,5784,6054,2156,2439,5919.0,2297.5,40
206,NARS-13_000206.JPG,4414,4590,1487,1619,4502.0,1553.0,56
206,NARS-13_000206.JPG,424,606,2103,2285,515.0,2194.0,39
206,NARS-13_000206.JPG,3188,3499,1999,2276,3343.5,2137.5,23
206,NARS-13_000206.JPG,2766,2983,110,302,2874.5,206.0,52
206,NARS-13_000206.JPG,4794,5027,2128,2477,4910.5,2302.5,25
206,NARS-13_000206.JPG,5162,5480,1534,1877,5321.0,1705.5,36
206,NARS-13_000206.JPG,3524,3747,3276,3414,3635.5,3345.0,53
206,NARS-13_000206.JPG,534,738,1880,2172,636.0,2026.0,48
206,NARS-13_000206.JPG,1773,2065,692,1054,1919.0,873.0,28
206,NARS-13_000206.JPG,578,801,188,531,689.5,359.5,12
206,NARS-13_000206.JPG,1188,1471,600,949,1329.5,774.5,14
206,NARS-13_000206.JPG,4592,4796,3017,3250,4694.0,3133.5,54
206,NARS-13_000206.JPG,4967,5335,2018,2219,5151.0,2118.5,38
206,NARS-13_000206.JPG,4332,4530,2226,2512,4431.0,2369.0,30
206,NARS-13_000206.JPG,4332,4606,1220,1534,4469.0,1377.0,31
206,NARS-13_000206.JPG,4857,5118,53,323,4987.5,188.0,42
206,NARS-13_000206.JPG,2905,3160,2012,2333,3032.5,2172.5,15
206,NARS-13_000206.JPG,2207,2518,1383,1590,2362.5,1486.5,35
206,NARS-13_000206.JPG,1377,1594,1113,1390,1485.5,1251.5,32
206,NARS-13_000206.JPG,3191,3420,1710,1999,3305.5,1854.5,27
206,NARS-13_000206.JPG,5127,5416,1044,1355,5271.5,1199.5,33
206,NARS-13_000206.JPG,4109,4360,2930,3197,4234.5,3063.5,37
206,NARS-13_000206.JPG,2219,2537,1213,1455,2378.0,1334.0,50
206,NARS-13_000206.JPG,3210,3537,1267,1518,3373.5,1392.5,59
207,NARS-13_000207.JPG,5800,6080,3062,3351,5940.0,3206.5,0
207,NARS-13_000207.JPG,3216,3543,1276,1515,3379.5,1395.5,59
207,NARS-13_000207.JPG,3900,4225,2149,2401,4062.5,2275.0,41
207,NARS-13_000207.JPG,2669,3008,2324,2586,2838.5,2455.0,26
207,NARS-13_000207.JPG,5265,5565,2530,2755,5415.0,2642.5,4
207,NARS-13_000207.JPG,1041,1299,1400,1706,1170.0,1553.0,6
207,NARS-13_000207.JPG,3010,3256,2509,2835,3133.0,2672.0,10
207,NARS-13_000207.JPG,5622,5942,2635,2950,5782.0,2792.5,7
207,NARS-13_000207.JPG,856,1089,573,908,972.5,740.5,5
207,NARS-13_000207.JPG,5623,5924,2135,2446,5773.5,2290.5,3
207,NARS-13_000207.JPG,5762,6052,2511,2809,5907.0,2660.0,8
207,NARS-13_000207.JPG,5120,5363,2922,3205,5241.5,3063.5,11
207,NARS-13_000207.JPG,4286,4618,3101,3370,4452.0,3235.5,21
207,NARS-13_000207.JPG,4807,5096,2608,2931,4951.5,2769.5,22
207,NARS-13_000207.JPG,4911,5219,2362,2694,5065.0,2528.0,24
207,NARS-13_000207.JPG,1463,1619,1730,1999,1541.0,1864.5,51
207,NARS-13_000207.JPG,2537,2864,8,352,2700.5,180.0,16
207,NARS-13_000207.JPG,2444,2580,2613,2775,2512.0,2694.0,58
207,NARS-13_000207.JPG,643,920,2366,2619,781.5,2492.5,44
207,NARS-13_000207.JPG,4427,4613,1493,1634,4520.0,1563.5,56
207,NARS-13_000207.JPG,4679,5027,1183,1533,4853.0,1358.0,34
207,NARS-13_000207.JPG,3759,3929,3035,3359,3844.0,3197.0,19
207,NARS-13_000207.JPG,1318,1602,214,517,1460.0,365.5,46
207,NARS-13_000207.JPG,4536,4863,903,1220,4699.5,1061.5,29
207,NARS-13_000207.JPG,969,1243,2655,2889,1106.0,2772.0,47
207,NARS-13_000207.JPG,1513,1771,88,439,1642.0,263.5,45
207,NARS-13_000207.JPG,5557,5908,1438,1719,5732.5,1578.5,13
207,NARS-13_000207.JPG,2754,2978,108,317,2866.0,212.5,52
207,NARS-13_000207.JPG,5823,6057,2155,2438,5940.0,2296.5,40
207,NARS-13_000207.JPG,3185,3487,1999,2277,3336.0,2138.0,23
207,NARS-13_000207.JPG,407,622,2027,2290,514.5,2158.5,39
207,NARS-13_000207.JPG,3522,3747,3289,3420,3634.5,3354.5,53
207,NARS-13_000207.JPG,4790,5024,2093,2468,4907.0,2280.5,25
207,NARS-13_000207.JPG,5160,5474,1538,1898,5317.0,1718.0,36
207,NARS-13_000207.JPG,531,750,1878,2179,640.5,2028.5,48
207,NARS-13_000207.JPG,566,817,174,521,691.5,347.5,12
207,NARS-13_000207.JPG,1186,1493,605,961,1339.5,783.0,14
207,NARS-13_000207.JPG,4582,4808,3014,3242,4695.0,3128.0,54
207,NARS-13_000207.JPG,1760,2059,687,1053,1909.5,870.0,28
207,NARS-13_000207.JPG,4962,5329,1999,2224,5145.5,2111.5,38
207,NARS-13_000207.JPG,4333,4528,2229,2508,4430.5,2368.5,30
207,NARS-13_000207.JPG,4313,4558,1210,1571,4435.5,1390.5,31
207,NARS-13_000207.JPG,4855,5118,42,323,4986.5,182.5,42
207,NARS-13_000207.JPG,2903,3135,2020,2360,3019.0,2190.0,15
207,NARS-13_000207.JPG,2218,2520,1393,1595,2369.0,1494.0,35
207,NARS-13_000207.JPG,3200,3409,1688,2005,3304.5,1846.5,27
207,NARS-13_000207.JPG,1372,1609,1111,1409,1490.5,1260.0,32
207,NARS-13_000207.JPG,5123,5412,1047,1354,5267.5,1200.5,33
207,NARS-13_000207.JPG,4088,4320,2894,3195,4204.0,3044.5,37
207,NARS-13_000207.JPG,2195,2529,1222,1456,2362.0,1339.0,50
210,NARS-13_000210.JPG,5810,6074,3075,3349,5942.0,3212.0,0
210,NARS-13_000210.JPG,5280,5560,2559,2741,5420.0,2650.0,4
210,NARS-13_000210.JPG,3228,3555,1267,1518,3391.5,1392.5,59
210,NARS-13_000210.JPG,1041,1302,1402,1701,1171.5,1551.5,6
210,NARS-13_000210.JPG,2579,2897,22,362,2738.0,192.0,16
210,NARS-13_000210.JPG,2691,3024,2333,2588,2857.5,2460.5,26
210,NARS-13_000210.JPG,2995,3304,2501,2868,3149.5,2684.5,10
210,NARS-13_000210.JPG,4817,5113,2627,2945,4965.0,2786.0,22
210,NARS-13_000210.JPG,4304,4631,3115,3366,4467.5,3240.5,21
210,NARS-13_000210.JPG,4965,5294,2377,2706,5129.5,2541.5,24
210,NARS-13_000210.JPG,5633,5907,2151,2440,5770.0,2295.5,3
210,NARS-13_000210.JPG,4467,4643,1556,1710,4555.0,1633.0,56
210,NARS-13_000210.JPG,1471,1612,1732,1999,1541.5,1865.5,51
210,NARS-13_000210.JPG,5649,5951,2680,2988,5800.0,2834.0,7
210,NARS-13_000210.JPG,3958,4250,2207,2427,4104.0,2317.0,41
210,NARS-13_000210.JPG,5769,6014,2528,2805,5891.5,2666.5,8
210,NARS-13_000210.JPG,858,1069,575,864,963.5,719.5,5
210,NARS-13_000210.JPG,4685,5009,1216,1562,4847.0,1389.0,34
210,NARS-13_000210.JPG,2456,2588,2630,2797,2522.0,2713.5,58
210,NARS-13_000210.JPG,982,1256,2654,2900,1119.0,2777.0,47
210,NARS-13_000210.JPG,3760,3927,3040,3364,3843.5,3202.0,19
210,NARS-13_000210.JPG,2744,2961,182,374,2852.5,278.0,52
210,NARS-13_000210.JPG,653,919,2400,2631,786.0,2515.5,44
210,NARS-13_000210.JPG,5124,5347,2968,3245,5235.5,3106.5,11
210,NARS-13_000210.JPG,1331,1567,198,522,1449.0,360.0,46
210,NARS-13_000210.JPG,5564,5907,1443,1720,5735.5,1581.5,13
210,NARS-13_000210.JPG,424,606,2103,2285,515.0,2194.0,39
210,NARS-13_000210.JPG,1515,1719,119,459,1617.0,289.0,45
210,NARS-13_000210.JPG,5805,6075,2156,2439,5940.0,2297.5,40
210,NARS-13_000210.JPG,3524,3747,3301,3417,3635.5,3359.0,53
210,NARS-13_000210.JPG,3188,3499,1999,2276,3343.5,2137.5,23
210,NARS-13_000210.JPG,5162,5480,1574,1923,5321.0,1748.5,36
210,NARS-13_000210.JPG,4508,4791,883,1197,4649.5,1040.0,29
210,NARS-13_000210.JPG,4794,5027,2128,2477,4910.5,2302.5,25
210,NARS-13_000210.JPG,4592,4809,3018,3252,4700.5,3135.0,54
210,NARS-13_000210.JPG,534,738,1880,2172,636.0,2026.0,48
210,NARS-13_000210.JPG,593,816,173,516,704.5,344.5,12
210,NARS-13_000210.JPG,1229,1471,582,931,1350.0,756.5,14
210,NARS-13_000210.JPG,1758,2050,689,1051,1904.0,870.0,28
210,NARS-13_000210.JPG,2889,3112,2116,2405,3000.5,2260.5,15
210,NARS-13_000210.JPG,4332,4530,2229,2503,4431.0,2366.0,30
210,NARS-13_000210.JPG,4951,5303,2002,2222,5127.0,2112.0,38
210,NARS-13_000210.JPG,4304,4559,1264,1597,4431.5,1430.5,31
210,NARS-13_000210.JPG,4872,5133,38,308,5002.5,173.0,42
210,NARS-13_000210.JPG,2207,2518,1383,1590,2362.5,1486.5,35
210,NARS-13_000210.JPG,3192,3420,1681,1999,3306.0,1840.0,27
210,NARS-13_000210.JPG,1377,1594,1128,1405,1485.5,1266.5,32
210,NARS-13_000210.JPG,5112,5401,1038,1349,5256.5,1193.5,33
210,NARS-13_000210.JPG,4078,4329,2911,3185,4203.5,3048.0,37
210,NARS-13_000210.JPG,2219,2537,1213,1455,2378.0,1334.0,50
212,NARS-13_000212.JPG,5811,6076,3057,3354,5943.5,3205.5,0
212,NARS-13_000212.JPG,5305,5570,2545,2754,5437.5,2649.5,4
212,NARS-13_000212.JPG,2588,2920,38,385,2754.0,211.5,16
212,NARS-13_000212.JPG,1060,1303,1407,1705,1181.5,1556.0,6
212,NARS-13_000212.JPG,2772,3044,148,385,2908.0,266.5,52
212,NARS-13_000212.JPG,4814,5113,2599,2950,4963.5,2774.5,22
212,NARS-13_000212.JPG,2674,3023,2353,2608,2848.5,2480.5,26
212,NARS-13_000212.JPG,5647,5942,2152,2455,5794.5,2303.5,40
212,NARS-13_000212.JPG,3221,3572,1304,1580,3396.5,1442.0,59
212,NARS-13_000212.JPG,5649,5941,2695,2988,5795.0,2841.5,7
212,NARS-13_000212.JPG,1437,1619,1719,2007,1528.0,1863.0,51
212,NARS-13_000212.JPG,855,1068,576,857,961.5,716.5,5
212,NARS-13_000212.JPG,4694,5057,1267,1621,4875.5,1444.0,34
212,NARS-13_000212.JPG,4525,4687,1562,1738,4606.0,1650.0,56
212,NARS-13_000212.JPG,4985,5320,2395,2728,5152.5,2561.5,24
212,NARS-13_000212.JPG,4303,4673,3166,3402,4488.0,3284.0,21
212,NARS-13_000212.JPG,1307,1632,202,516,1469.5,359.0,46
212,NARS-13_000212.JPG,3940,4263,2227,2463,4101.5,2345.0,41
212,NARS-13_000212.JPG,5748,6020,2508,2862,5884.0,2685.0,8
212,NARS-13_000212.JPG,3739,3933,3043,3369,3836.0,3206.0,19
212,NARS-13_000212.JPG,5581,5928,1428,1746,5754.5,1587.0,13
212,NARS-13_000212.JPG,972,1284,2677,2920,1128.0,2798.5,47
212,NARS-13_000212.JPG,648,933,2418,2657,790.5,2537.5,44
212,NARS-13_000212.JPG,5169,5488,1562,1939,5328.5,1750.5,36
212,NARS-13_000212.JPG,2464,2597,2663,2851,2530.5,2757.0,58
212,NARS-13_000212.JPG,3521,3744,3174,3417,3632.5,3295.5,53
212,NARS-13_000212.JPG,1501,1721,115,485,1611.0,300.0,45
212,NARS-13_000212.JPG,4488,4783,896,1224,4635.5,1060.0,29
212,NARS-13_000212.JPG,5113,5361,3008,3289,5237.0,3148.5,11
212,NARS-13_000212.JPG,389,632,1999,2296,510.5,2147.5,39
212,NARS-13_000212.JPG,4783,5029,2133,2477,4906.0,2305.0,25
212,NARS-13_000212.JPG,4572,4808,3009,3259,4690.0,3134.0,54
212,NARS-13_000212.JPG,2906,3157,2126,2440,3031.5,2283.0,15
212,NARS-13_000212.JPG,559,805,175,531,682.0,353.0,12
212,NARS-13_000212.JPG,1749,2061,698,1070,1905.0,884.0,28
212,NARS-13_000212.JPG,1225,1476,489,904,1350.5,696.5,14
212,NARS-13_000212.JPG,3228,3598,2156,2379,3413.0,2267.5,23
212,NARS-13_000212.JPG,4326,4551,2208,2479,4438.5,2343.5,30
212,NARS-13_000212.JPG,3153,3493,2475,2739,3323.0,2607.0,10
212,NARS-13_000212.JPG,521,741,1833,2126,631.0,1979.5,48
212,NARS-13_000212.JPG,4858,5146,38,302,5002.0,170.0,42
212,NARS-13_000212.JPG,2262,2583,1374,1587,2422.5,1480.5,35
212,NARS-13_000212.JPG,1416,1664,1164,1428,1540.0,1296.0,32
212,NARS-13_000212.JPG,5853,6076,2156,2432,5964.5,2294.0,3
212,NARS-13_000212.JPG,3186,3423,1678,1989,3304.5,1833.5,27
212,NARS-13_000212.JPG,4254,4509,1276,1646,4381.5,1461.0,31
212,NARS-13_000212.JPG,4928,5237,2046,2247,5082.5,2146.5,38
212,NARS-13_000212.JPG,5113,5445,1061,1380,5279.0,1220.5,33
212,NARS-13_000212.JPG,4096,4370,2857,3192,4233.0,3024.5,37
212,NARS-13_000212.JPG,2227,2634,1232,1440,2430.5,1336.0,50
217,NARS-13_000217.JPG,4875,5194,2106,2488,5034.5,2297.0,25
217,NARS-13_000217.JPG,5833,6080,3093,3349,5956.5,3221.0,0
217,NARS-13_000217.JPG,4343,4618,3,156,4480.5,79.5,55
217,NARS-13_000217.JPG,4313,4665,3110,3378,4489.0,3244.0,21
217,NARS-13_000217.JPG,2559,2881,55,387,2720.0,221.0,16
217,NARS-13_000217.JPG,4480,4711,1514,1722,4595.5,1618.0,56
217,NARS-13_000217.JPG,5339,5578,2555,2751,5458.5,2653.0,4
217,NARS-13_000217.JPG,5627,5930,2182,2478,5778.5,2330.0,3
217,NARS-13_000217.JPG,3792,3991,3104,3420,3891.5,3262.0,19
217,NARS-13_000217.JPG,1468,1622,1751,2011,1545.0,1881.0,51
217,NARS-13_000217.JPG,4701,5053,1241,1582,4877.0,1411.5,34
217,NARS-13_000217.JPG,637,923,2280,2603,780.0,2441.5,44
217,NARS-13_000217.JPG,2441,2591,2611,2796,2516.0,2703.5,58
217,NARS-13_000217.JPG,1298,1601,617,970,1449.5,793.5,14
217,NARS-13_000217.JPG,5583,5858,2702,2990,5720.5,2846.0,7
217,NARS-13_000217.JPG,3852,4188,2131,2406,4020.0,2268.5,41
217,NARS-13_000217.JPG,4620,4855,3048,3306,4737.5,3177.0,54
217,NARS-13_000217.JPG,3229,3575,2010,2281,3402.0,2145.5,23
217,NARS-13_000217.JPG,5281,5675,1551,1920,5478.0,1735.5,36
217,NARS-13_000217.JPG,4603,4958,994,1332,4780.5,1163.0,29
217,NARS-13_000217.JPG,3569,3796,3345,3420,3682.5,3382.5,53
217,NARS-13_000217.JPG,5667,5998,1505,1831,5832.5,1668.0,13
217,NARS-13_000217.JPG,1617,1947,103,463,1782.0,283.0,45
217,NARS-13_000217.JPG,5093,5424,2512,2807,5258.5,2659.5,20
217,NARS-13_000217.JPG,3096,3335,2573,2836,3215.5,2704.5,10
217,NARS-13_000217.JPG,2841,3131,195,471,2986.0,333.0,52
217,NARS-13_000217.JPG,4900,5224,2671,2966,5062.0,2818.5,22
217,NARS-13_000217.JPG,1008,1334,2706,2923,1171.0,2814.5,47
217,NARS-13_000217.JPG,409,621,2085,2390,515.0,2237.5,39
217,NARS-13_000217.JPG,2737,3116,2345,2609,2926.5,2477.0,26
217,NARS-13_000217.JPG,5260,5641,1068,1371,5450.5,1219.5,33
217,NARS-13_000217.JPG,2410,2650,1397,1662,2530.0,1529.5,50
217,NARS-13_000217.JPG,651,859,116,512,755.0,314.0,12
217,NARS-13_000217.JPG,3214,3461,1576,1815,3337.5,1695.5,27
217,NARS-13_000217.JPG,5095,5393,2025,2262,5244.0,2143.5,38
217,NARS-13_000217.JPG,508,756,1886,2174,632.0,2030.0,48
217,NARS-13_000217.JPG,4337,4655,1224,1600,4496.0,1412.0,31
217,NARS-13_000217.JPG,4958,5296,42,264,5127.0,153.0,42
217,NARS-13_000217.JPG,4341,4569,2244,2510,4455.0,2377.0,30
217,NARS-13_000217.JPG,1299,1555,131,423,1427.0,277.0,46
217,NARS-13_000217.JPG,2998,3314,2038,2395,3156.0,2216.5,15
217,NARS-13_000217.JPG,3297,3673,1354,1707,3485.0,1530.5,59
217,NARS-13_000217.JPG,1779,1993,630,1020,1886.0,825.0,28
217,NARS-13_000217.JPG,4132,4389,2884,3177,4260.5,3030.5,37
217,NARS-13_000217.JPG,1418,1649,1205,1479,1533.5,1342.0,32
217,NARS-13_000217.JPG,2393,2759,1164,1421,2576.0,1292.5,35
223,NARS-13_000223.JPG,4844,5145,2613,2938,4994.5,2775.5,22
223,NARS-13_000223.JPG,4560,4910,954,1297,4735.0,1125.5,29
223,NARS-13_000223.JPG,5830,6079,3091,3338,5954.5,3214.5,0
223,NARS-13_000223.JPG,5126,5395,3293,3418,5260.5,3355.5,57
223,NARS-13_000223.JPG,5324,5576,2542,2744,5450.0,2643.0,4
223,NARS-13_000223.JPG,3806,4013,3090,3415,3909.5,3252.5,19
223,NARS-13_000223.JPG,4334,4691,3091,3363,4512.5,3227.0,21
223,NARS-13_000223.JPG,5619,5922,2161,2462,5770.5,2311.5,3
223,NARS-13_000223.JPG,5591,5871,2674,2959,5731.0,2816.5,7
223,NARS-13_000223.JPG,4454,4676,1479,1684,4565.0,1581.5,56
223,NARS-13_000223.JPG,2456,2623,2608,2785,2539.5,2696.5,58
223,NARS-13_000223.JPG,5606,5951,1475,1798,5778.5,1636.5,13
223,NARS-13_000223.JPG,4644,4878,3042,3317,4761.0,3179.5,54
223,NARS-13_000223.JPG,2813,3100,157,436,2956.5,296.5,52
223,NARS-13_000223.JPG,5245,5599,1552,1920,5422.0,1736.0,36
223,NARS-13_000223.JPG,1305,1608,618,972,1456.5,795.0,14
223,NARS-13_000223.JPG,3271,3628,2012,2289,3449.5,2150.5,23
223,NARS-13_000223.JPG,3088,3318,2521,2839,3203.0,2680.0,10
223,NARS-13_000223.JPG,1537,1819,78,446,1678.0,262.0,45
223,NARS-13_000223.JPG,622,911,2281,2594,766.5,2437.5,44
223,NARS-13_000223.JPG,3854,4192,2115,2402,4023.0,2258.5,41
223,NARS-13_000223.JPG,4700,5045,1186,1532,4872.5,1359.0,34
223,NARS-13_000223.JPG,2721,3069,2334,2591,2895.0,2462.5,26
223,NARS-13_000223.JPG,4306,4556,0,181,4431.0,90.5,55
223,NARS-13_000223.JPG,4990,5318,2438,2755,5154.0,2596.5,20
223,NARS-13_000223.JPG,2530,2847,26,365,2688.5,195.5,16
223,NARS-13_000223.JPG,4449,4792,1259,1610,4620.5,1434.5,31
223,NARS-13_000223.JPG,1037,1372,2660,2900,1204.5,2780.0,47
223,NARS-13_000223.JPG,5134,5470,1968,2229,5302.0,2098.5,38
223,NARS-13_000223.JPG,1407,1606,1686,1991,1506.5,1838.5,51
223,NARS-13_000223.JPG,528,760,1904,2219,644.0,2061.5,48
223,NARS-13_000223.JPG,416,655,2109,2433,535.5,2271.0,39
223,NARS-13_000223.JPG,663,863,137,525,763.0,331.0,12
223,NARS-13_000223.JPG,3315,3696,1403,1789,3505.5,1596.0,27
223,NARS-13_000223.JPG,4930,5316,2133,2510,5123.0,2321.5,25
223,NARS-13_000223.JPG,4364,4592,2241,2513,4478.0,2377.0,30
223,NARS-13_000223.JPG,4988,5341,39,276,5164.5,157.5,42
223,NARS-13_000223.JPG,5427,5787,1040,1361,5607.0,1200.5,33
223,NARS-13_000223.JPG,4177,4471,2876,3174,4324.0,3025.0,37
223,NARS-13_000223.JPG,2358,2622,1368,1639,2490.0,1503.5,50
223,NARS-13_000223.JPG,1807,2032,617,1025,1919.5,821.0,28
223,NARS-13_000223.JPG,3042,3405,2055,2407,3223.5,2231.0,15
223,NARS-13_000223.JPG,1304,1557,98,383,1430.5,240.5,46
223,NARS-13_000223.JPG,1399,1622,1203,1490,1510.5,1346.5,32
223,NARS-13_000223.JPG,3220,3435,1639,1886,3327.5,1762.5,49
223,NARS-13_000223.JPG,2443,2800,1238,1526,2621.5,1382.0,35
225,NARS-13_000225.JPG,5113,5385,3289,3420,5249.0,3354.5,57
225,NARS-13_000225.JPG,4844,5131,2621,2939,4987.5,2780.0,22
225,NARS-13_000225.JPG,4559,4892,953,1288,4725.5,1120.5,29
225,NARS-13_000225.JPG,3798,4001,3082,3403,3899.5,3242.5,19
225,NARS-13_000225.JPG,5830,6080,3087,3327,5955.0,3207.0,0
225,NARS-13_000225.JPG,5321,5575,2540,2749,5448.0,2644.5,4
225,NARS-13_000225.JPG,5618,5901,2152,2467,5759.5,2309.5,3
225,NARS-13_000225.JPG,4450,4676,1491,1688,4563.0,1589.5,56
225,NARS-13_000225.JPG,5599,5868,2675,2960,5733.5,2817.5,7
225,NARS-13_000225.JPG,2469,2624,2600,2790,2546.5,2695.0,58
225,NARS-13_000225.JPG,4337,4698,3107,3356,4517.5,3231.5,21
225,NARS-13_000225.JPG,2806,3105,154,435,2955.5,294.5,52
225,NARS-13_000225.JPG,4641,4879,3042,3316,4760.0,3179.0,54
225,NARS-13_000225.JPG,3273,3622,2004,2287,3447.5,2145.5,23
225,NARS-13_000225.JPG,5595,5943,1470,1784,5769.0,1627.0,13
225,NARS-13_000225.JPG,4724,5068,1181,1535,4896.0,1358.0,34
225,NARS-13_000225.JPG,3089,3309,2526,2839,3199.0,2682.5,10
225,NARS-13_000225.JPG,4305,4560,0,182,4432.5,91.0,55
225,NARS-13_000225.JPG,1287,1596,606,968,1441.5,787.0,14
225,NARS-13_000225.JPG,5229,5573,1544,1912,5401.0,1728.0,36
225,NARS-13_000225.JPG,3855,4186,2126,2406,4020.5,2266.0,41
225,NARS-13_000225.JPG,2733,3060,2325,2583,2896.5,2454.0,26
225,NARS-13_000225.JPG,1538,1808,78,442,1673.0,260.0,45
225,NARS-13_000225.JPG,2532,2856,15,359,2694.0,187.0,16
225,NARS-13_000225.JPG,1018,1363,2672,2904,1190.5,2788.0,47
225,NARS-13_000225.JPG,4451,4794,1251,1608,4622.5,1429.5,31
225,NARS-13_000225.JPG,4981,5301,2431,2752,5141.0,2591.5,20
225,NARS-13_000225.JPG,5150,5469,1959,2223,5309.5,2091.0,38
225,NARS-13_000225.JPG,612,906,2260,2558,759.0,2409.0,44
225,NARS-13_000225.JPG,1412,1604,1690,1986,1508.0,1838.0,51
225,NARS-13_000225.JPG,421,656,2116,2431,538.5,2273.5,39
225,NARS-13_000225.JPG,529,763,1901,2218,646.0,2059.5,48
225,NARS-13_000225.JPG,660,860,151,527,760.0,339.0,12
225,NARS-13_000225.JPG,3318,3692,1407,1791,3505.0,1599.0,27
225,NARS-13_000225.JPG,4922,5306,2145,2505,5114.0,2325.0,25
225,NARS-13_000225.JPG,4364,4589,2237,2513,4476.5,2375.0,30
225,NARS-13_000225.JPG,4988,5348,51,276,5168.0,163.5,42
225,NARS-13_000225.JPG,4181,4479,2863,3176,4330.0,3019.5,37
225,NARS-13_000225.JPG,5442,5789,1031,1351,5615.5,1191.0,33
225,NARS-13_000225.JPG,2343,2617,1373,1647,2480.0,1510.0,50
225,NARS-13_000225.JPG,1809,2034,623,1028,1921.5,825.5,28
225,NARS-13_000225.JPG,1301,1562,97,383,1431.5,240.0,46
225,NARS-13_000225.JPG,3048,3439,2055,2391,3243.5,2223.0,15
225,NARS-13_000225.JPG,1387,1636,1212,1490,1511.5,1351.0,32
225,NARS-13_000225.JPG,3211,3449,1598,1890,3330.0,1744.0,49
225,NARS-13_000225.JPG,2442,2797,1252,1538,2619.5,1395.0,35
230,NARS-13_000230.JPG,5104,5379,3284,3420,5241.5,3352.0,57
230,NARS-13_000230.JPG,4842,5138,2628,2948,4990.0,2788.0,22
230,NARS-13_000230.JPG,5321,5577,2543,2755,5449.0,2649.0,4
230,NARS-13_000230.JPG,5828,6080,3087,3340,5954.0,3213.5,0
230,NARS-13_000230.JPG,5613,5917,2180,2476,5765.0,2328.0,3
230,NARS-13_000230.JPG,3790,4000,3054,3387,3895.0,3220.5,19
230,NARS-13_000230.JPG,4476,4697,1521,1717,4586.5,1619.0,56
230,NARS-13_000230.JPG,2566,2899,24,367,2732.5,195.5,16
230,NARS-13_000230.JPG,4327,4696,3102,3361,4511.5,3231.5,21
230,NARS-13_000230.JPG,5588,5896,2685,2977,5742.0,2831.0,7
230,NARS-13_000230.JPG,1545,1835,99,467,1690.0,283.0,45
230,NARS-13_000230.JPG,2470,2630,2601,2785,2550.0,2693.0,58
230,NARS-13_000230.JPG,2808,3098,159,448,2953.0,303.5,52
230,NARS-13_000230.JPG,4639,4877,3045,3322,4758.0,3183.5,54
230,NARS-13_000230.JPG,4996,5340,2449,2768,5168.0,2608.5,20
230,NARS-13_000230.JPG,2704,3054,2316,2584,2879.0,2450.0,26
230,NARS-13_000230.JPG,3861,4199,2141,2424,4030.0,2282.5,41
230,NARS-13_000230.JPG,3277,3632,2000,2290,3454.5,2145.0,23
230,NARS-13_000230.JPG,5223,5574,1557,1925,5398.5,1741.0,36
230,NARS-13_000230.JPG,5603,5951,1464,1788,5777.0,1626.0,13
230,NARS-13_000230.JPG,3084,3297,2531,2839,3190.5,2685.0,10
230,NARS-13_000230.JPG,618,911,2292,2594,764.5,2443.0,44
230,NARS-13_000230.JPG,4308,4566,0,209,4437.0,104.5,55
230,NARS-13_000230.JPG,1032,1362,2654,2898,1197.0,2776.0,47
230,NARS-13_000230.JPG,5137,5466,1945,2216,5301.5,2080.5,38
230,NARS-13_000230.JPG,3937,4154,3366,3420,4045.5,3393.0,18
230,NARS-13_000230.JPG,4773,5153,1207,1565,4963.0,1386.0,34
230,NARS-13_000230.JPG,4451,4804,1259,1613,4627.5,1436.0,31
230,NARS-13_000230.JPG,4601,4958,972,1319,4779.5,1145.5,29
230,NARS-13_000230.JPG,3659,3838,3347,3420,3748.5,3383.5,53
230,NARS-13_000230.JPG,1280,1576,604,966,1428.0,785.0,14
230,NARS-13_000230.JPG,1410,1605,1684,1982,1507.5,1833.0,51
230,NARS-13_000230.JPG,523,763,1906,2220,643.0,2063.0,48
230,NARS-13_000230.JPG,3310,3691,1415,1805,3500.5,1610.0,27
230,NARS-13_000230.JPG,416,654,2108,2432,535.0,2270.0,39
230,NARS-13_000230.JPG,4916,5300,2131,2513,5108.0,2322.0,25
230,NARS-13_000230.JPG,658,853,153,528,755.5,340.5,12
230,NARS-13_000230.JPG,4368,4600,2247,2522,4484.0,2384.5,30
230,NARS-13_000230.JPG,4192,4500,2880,3181,4346.0,3030.5,37
230,NARS-13_000230.JPG,4981,5331,45,282,5156.0,163.5,42
230,NARS-13_000230.JPG,2341,2611,1378,1650,2476.0,1514.0,50
230,NARS-13_000230.JPG,1809,2036,630,1035,1922.5,832.5,28
230,NARS-13_000230.JPG,5456,5793,1033,1350,5624.5,1191.5,33
230,NARS-13_000230.JPG,1303,1561,103,384,1432.0,243.5,46
230,NARS-13_000230.JPG,3009,3372,2048,2385,3190.5,2216.5,15
230,NARS-13_000230.JPG,1391,1618,1213,1493,1504.5,1353.0,32
230,NARS-13_000230.JPG,3213,3428,1611,1912,3320.5,1761.5,49
230,NARS-13_000230.JPG,2437,2794,1273,1563,2615.5,1418.0,35
232,NARS-13_000232.JPG,5106,5377,3285,3418,5241.5,3351.5,57
232,NARS-13_000232.JPG,1552,1856,113,487,1704.0,300.0,45
232,NARS-13_000232.JPG,4845,5145,2633,2946,4995.0,2789.5,22
232,NARS-13_000232.JPG,5020,5359,2464,2775,5189.5,2619.5,20
232,NARS-13_000232.JPG,3791,4006,3057,3390,3898.5,3223.5,19
232,NARS-13_000232.JPG,5328,5572,2549,2747,5450.0,2648.0,4
232,NARS-13_000232.JPG,5828,6078,3091,3341,5953.0,3216.0,0
232,NARS-13_000232.JPG,4323,4686,3108,3363,4504.5,3235.5,21
232,NARS-13_000232.JPG,5240,5591,1567,1934,5415.5,1750.5,36
232,NARS-13_000232.JPG,5613,5915,2190,2480,5764.0,2335.0,3
232,NARS-13_000232.JPG,2592,2929,35,372,2760.5,203.5,16
232,NARS-13_000232.JPG,5597,5888,2693,2970,5742.5,2831.5,7
232,NARS-13_000232.JPG,3873,4212,2153,2429,4042.5,2291.0,41
232,NARS-13_000232.JPG,4638,4879,3047,3322,4758.5,3184.5,54
232,NARS-13_000232.JPG,4492,4717,1499,1728,4604.5,1613.5,56
232,NARS-13_000232.JPG,5608,5955,1478,1794,5781.5,1636.0,13
232,NARS-13_000232.JPG,2480,2639,2601,2791,2559.5,2696.0,58
232,NARS-13_000232.JPG,2815,3104,166,451,2959.5,308.5,52
232,NARS-13_000232.JPG,2703,3058,2322,2587,2880.5,2454.5,26
232,NARS-13_000232.JPG,3077,3302,2522,2837,3189.5,2679.5,10
232,NARS-13_000232.JPG,3274,3629,2005,2289,3451.5,2147.0,23
232,NARS-13_000232.JPG,619,911,2317,2595,765.0,2456.0,44
232,NARS-13_000232.JPG,4312,4569,0,228,4440.5,114.0,55
232,NARS-13_000232.JPG,1036,1362,2658,2898,1199.0,2778.0,47
232,NARS-13_000232.JPG,5146,5466,1946,2207,5306.0,2076.5,38
232,NARS-13_000232.JPG,1285,1575,597,960,1430.0,778.5,14
232,NARS-13_000232.JPG,4455,4806,1260,1609,4630.5,1434.5,31
232,NARS-13_000232.JPG,1415,1606,1683,1982,1510.5,1832.5,51
232,NARS-13_000232.JPG,525,765,1900,2220,645.0,2060.0,48
232,NARS-13_000232.JPG,419,651,2106,2435,535.0,2270.5,39
232,NARS-13_000232.JPG,3310,3696,1417,1803,3503.0,1610.0,27
232,NARS-13_000232.JPG,4802,5181,1222,1580,4991.5,1401.0,34
232,NARS-13_000232.JPG,658,852,155,532,755.0,343.5,12
232,NARS-13_000232.JPG,4928,5306,2129,2504,5117.0,2316.5,25
232,NARS-13_000232.JPG,4631,4994,989,1330,4812.5,1159.5,29
232,NARS-13_000232.JPG,4199,4507,2890,3186,4353.0,3038.0,37
232,NARS-13_000232.JPG,4371,4598,2250,2518,4484.5,2384.0,30
232,NARS-13_000232.JPG,4985,5329,48,285,5157.0,166.5,42
232,NARS-13_000232.JPG,2340,2611,1379,1650,2475.5,1514.5,50
232,NARS-13_000232.JPG,1813,2031,623,1033,1922.0,828.0,28
232,NARS-13_000232.JPG,5462,5802,1046,1351,5632.0,1198.5,33
232,NARS-13_000232.JPG,1305,1568,105,388,1436.5,246.5,46
232,NARS-13_000232.JPG,3035,3368,2052,2380,3201.5,2216.0,15
232,NARS-13_000232.JPG,1396,1614,1213,1491,1505.0,1352.0,32
232,NARS-13_000232.JPG,3219,3435,1604,1912,3327.0,1758.0,49
232,NARS-13_000232.JPG,2451,2804,1278,1563,2627.5,1420.5,35
234,NARS-13_000234.JPG,4847,5143,2627,2945,4995.0,2786.0,22
234,NARS-13_000234.JPG,5099,5382,3295,3414,5240.5,3354.5,57
234,NARS-13_000234.JPG,3801,4005,3059,3383,3903.0,3221.0,19
234,NARS-13_000234.JPG,5328,5572,2549,2747,5450.0,2648.0,4
234,NARS-13_000234.JPG,5828,6078,3091,3341,5953.0,3216.0,0
234,NARS-13_000234.JPG,5263,5606,1584,1927,5434.5,1755.5,36
234,NARS-13_000234.JPG,5043,5376,2477,2776,5209.5,2626.5,20
234,NARS-13_000234.JPG,5597,5888,2693,2970,5742.5,2831.5,7
234,NARS-13_000234.JPG,4650,4870,3049,3319,4760.0,3184.0,54
234,NARS-13_000234.JPG,1569,1852,138,496,1710.5,317.0,45
234,NARS-13_000234.JPG,5608,5951,1493,1789,5779.5,1641.0,13
234,NARS-13_000234.JPG,3917,4225,2185,2430,4071.0,2307.5,41
234,NARS-13_000234.JPG,5618,5892,2207,2490,5755.0,2348.5,3
234,NARS-13_000234.JPG,2484,2640,2597,2791,2562.0,2694.0,58
234,NARS-13_000234.JPG,4342,4682,3125,3370,4512.0,3247.5,21
234,NARS-13_000234.JPG,2615,2933,58,398,2774.0,228.0,16
234,NARS-13_000234.JPG,3071,3304,2540,2836,3187.5,2688.0,10
234,NARS-13_000234.JPG,2718,3050,2331,2594,2884.0,2462.5,26
234,NARS-13_000234.JPG,630,922,2345,2605,776.0,2475.0,44
234,NARS-13_000234.JPG,3285,3615,2018,2295,3450.0,2156.5,23
234,NARS-13_000234.JPG,4320,4575,0,239,4447.5,119.5,55
234,NARS-13_000234.JPG,2839,3106,192,447,2972.5,319.5,52
234,NARS-13_000234.JPG,5143,5454,1959,2207,5298.5,2083.0,38
234,NARS-13_000234.JPG,1037,1364,2666,2902,1200.5,2784.0,47
234,NARS-13_000234.JPG,4464,4804,1270,1606,4634.0,1438.0,31
234,NARS-13_000234.JPG,1292,1566,607,981,1429.0,794.0,14
234,NARS-13_000234.JPG,1415,1604,1688,1984,1509.5,1836.0,51
234,NARS-13_000234.JPG,4524,4744,1556,1745,4634.0,1650.5,56
234,NARS-13_000234.JPG,534,739,1901,2210,636.5,2055.5,48
234,NARS-13_000234.JPG,670,852,173,516,761.0,344.5,12
234,NARS-13_000234.JPG,421,663,2135,2437,542.0,2286.0,39
234,NARS-13_000234.JPG,4926,5294,2147,2496,5110.0,2321.5,25
234,NARS-13_000234.JPG,4209,4511,2914,3162,4360.0,3038.0,37
234,NARS-13_000234.JPG,3348,3697,1427,1807,3522.5,1617.0,27
234,NARS-13_000234.JPG,4370,4587,2260,2534,4478.5,2397.0,30
234,NARS-13_000234.JPG,4992,5325,53,276,5158.5,164.5,42
234,NARS-13_000234.JPG,4848,5172,1247,1593,5010.0,1420.0,34
234,NARS-13_000234.JPG,2339,2606,1412,1651,2472.5,1531.5,35
234,NARS-13_000234.JPG,4653,4999,1025,1352,4826.0,1188.5,29
234,NARS-13_000234.JPG,5454,5772,1056,1348,5613.0,1202.0,33
234,NARS-13_000234.JPG,1820,2031,666,1028,1925.5,847.0,28
234,NARS-13_000234.JPG,1317,1572,116,390,1444.5,253.0,46
234,NARS-13_000234.JPG,3034,3348,2075,2364,3191.0,2219.5,15
234,NARS-13_000234.JPG,2452,2795,1280,1557,2623.5,1418.5,50
234,NARS-13_000234.JPG,3219,3414,1635,1905,3316.5,1770.0,49
234,NARS-13_000234.JPG,1396,1613,1222,1499,1504.5,1360.5,32
236,NARS-13_000236.JPG,5254,5610,1593,1945,5432.0,1769.0,36
236,NARS-13_000236.JPG,3792,4004,3077,3394,3898.0,3235.5,19
236,NARS-13_000236.JPG,3898,4224,2156,2427,4061.0,2291.5,41
236,NARS-13_000236.JPG,4848,5140,2639,2948,4994.0,2793.5,22
236,NARS-13_000236.JPG,2603,2908,57,379,2755.5,218.0,16
236,NARS-13_000236.JPG,5828,6078,3091,3341,5953.0,3216.0,0
236,NARS-13_000236.JPG,1555,1849,125,488,1702.0,306.5,45
236,NARS-13_000236.JPG,5125,5381,3310,3418,5253.0,3364.0,57
236,NARS-13_000236.JPG,5337,5567,2558,2749,5452.0,2653.5,4
236,NARS-13_000236.JPG,5045,5373,2481,2784,5209.0,2632.5,20
236,NARS-13_000236.JPG,4639,4876,3071,3335,4757.5,3203.0,54
236,NARS-13_000236.JPG,2476,2631,2609,2789,2553.5,2699.0,58
236,NARS-13_000236.JPG,5634,5957,1490,1799,5795.5,1644.5,13
236,NARS-13_000236.JPG,5636,5926,2192,2477,5781.0,2334.5,3
236,NARS-13_000236.JPG,3069,3282,2536,2847,3175.5,2691.5,10
236,NARS-13_000236.JPG,4444,4784,1283,1610,4614.0,1446.5,31
236,NARS-13_000236.JPG,4374,4678,3114,3366,4526.0,3240.0,21
236,NARS-13_000236.JPG,5626,5893,2715,2983,5759.5,2849.0,7
236,NARS-13_000236.JPG,4315,4579,3,226,4447.0,114.5,55
236,NARS-13_000236.JPG,3271,3602,2020,2287,3436.5,2153.5,23
236,NARS-13_000236.JPG,5143,5448,1964,2212,5295.5,2088.0,38
236,NARS-13_000236.JPG,2724,3065,2345,2596,2894.5,2470.5,26
236,NARS-13_000236.JPG,523,756,1924,2221,639.5,2072.5,48
236,NARS-13_000236.JPG,1289,1572,627,976,1430.5,801.5,14
236,NARS-13_000236.JPG,1413,1599,1695,1983,1506.0,1839.0,51
236,NARS-13_000236.JPG,608,884,2317,2591,746.0,2454.0,44
236,NARS-13_000236.JPG,3296,3673,1415,1793,3484.5,1604.0,27
236,NARS-13_000236.JPG,1043,1368,2699,2915,1205.5,2807.0,47
236,NARS-13_000236.JPG,422,641,2121,2435,531.5,2278.0,39
236,NARS-13_000236.JPG,4812,5177,1258,1603,4994.5,1430.5,34
236,NARS-13_000236.JPG,2880,3158,168,447,3019.0,307.5,52
236,NARS-13_000236.JPG,4923,5281,2163,2525,5102.0,2344.0,25
236,NARS-13_000236.JPG,4567,4769,1520,1743,4668.0,1631.5,56
236,NARS-13_000236.JPG,646,836,166,531,741.0,348.5,12
236,NARS-13_000236.JPG,2359,2619,1385,1646,2489.0,1515.5,50
236,NARS-13_000236.JPG,4363,4582,2263,2516,4472.5,2389.5,30
236,NARS-13_000236.JPG,4982,5311,35,270,5146.5,152.5,42
236,NARS-13_000236.JPG,4185,4482,2926,3210,4333.5,3068.0,37
236,NARS-13_000236.JPG,5446,5764,1066,1367,5605.0,1216.5,33
236,NARS-13_000236.JPG,4655,5005,1028,1359,4830.0,1193.5,29
236,NARS-13_000236.JPG,1313,1563,118,398,1438.0,258.0,46
236,NARS-13_000236.JPG,1808,2017,644,1037,1912.5,840.5,28
236,NARS-13_000236.JPG,3007,3309,2064,2388,3158.0,2226.0,15
236,NARS-13_000236.JPG,1396,1620,1224,1494,1508.0,1359.0,32
236,NARS-13_000236.JPG,3201,3408,1604,1892,3304.5,1748.0,49
236,NARS-13_000236.JPG,2463,2807,1256,1517,2635.0,1386.5,35
240,NARS-13_000240.JPG,3888,4224,2147,2431,4056.0,2289.0,41
240,NARS-13_000240.JPG,2579,2885,56,385,2732.0,220.5,16
240,NARS-13_000240.JPG,4323,4625,0,173,4474.0,86.5,55
240,NARS-13_000240.JPG,2458,2630,2609,2806,2544.0,2707.5,58
240,NARS-13_000240.JPG,1553,1840,130,508,1696.5,319.0,45
240,NARS-13_000240.JPG,5618,5870,2714,2975,5744.0,2844.5,7
240,NARS-13_000240.JPG,519,763,1936,2247,641.0,2091.5,48
240,NARS-13_000240.JPG,2825,3118,166,455,2971.5,310.5,52
240,NARS-13_000240.JPG,5373,5571,2566,2774,5472.0,2670.0,4
240,NARS-13_000240.JPG,4336,4718,3122,3379,4527.0,3250.5,21
240,NARS-13_000240.JPG,1419,1616,1697,1998,1517.5,1847.5,51
240,NARS-13_000240.JPG,4403,4631,2275,2551,4517.0,2413.0,30
240,NARS-13_000240.JPG,5627,5919,2218,2507,5773.0,2362.5,3
240,NARS-13_000240.JPG,3833,4062,3119,3420,3947.5,3269.5,19
240,NARS-13_000240.JPG,3304,3651,2025,2299,3477.5,2162.0,23
240,NARS-13_000240.JPG,1370,1713,608,964,1541.5,786.0,14
240,NARS-13_000240.JPG,601,893,2322,2616,747.0,2469.0,44
240,NARS-13_000240.JPG,3112,3351,2514,2828,3231.5,2671.0,10
240,NARS-13_000240.JPG,4315,4630,2966,3224,4472.5,3095.0,37
240,NARS-13_000240.JPG,674,888,139,513,781.0,326.0,12
240,NARS-13_000240.JPG,5682,6000,1500,1838,5841.0,1669.0,13
240,NARS-13_000240.JPG,2412,2670,1373,1651,2541.0,1512.0,50
240,NARS-13_000240.JPG,4672,4906,3128,3411,4789.0,3269.5,54
240,NARS-13_000240.JPG,4806,5187,1222,1582,4996.5,1402.0,34
240,NARS-13_000240.JPG,421,662,2140,2465,541.5,2302.5,39
240,NARS-13_000240.JPG,3341,3711,1413,1805,3526.0,1609.0,27
240,NARS-13_000240.JPG,5107,5446,2447,2756,5276.5,2601.5,20
240,NARS-13_000240.JPG,4911,5235,2554,2903,5073.0,2728.5,22
240,NARS-13_000240.JPG,4646,4988,1017,1358,4817.0,1187.5,29
240,NARS-13_000240.JPG,2767,3120,2337,2606,2943.5,2471.5,26
240,NARS-13_000240.JPG,1054,1395,2725,2934,1224.5,2829.5,47
240,NARS-13_000240.JPG,1819,2080,594,1022,1949.5,808.0,28
240,NARS-13_000240.JPG,4562,4830,1470,1765,4696.0,1617.5,56
240,NARS-13_000240.JPG,4417,4785,1171,1552,4601.0,1361.5,31
240,NARS-13_000240.JPG,5042,5391,24,231,5216.5,127.5,42
240,NARS-13_000240.JPG,5349,5773,1495,1893,5561.0,1694.0,36
240,NARS-13_000240.JPG,5533,5875,973,1220,5704.0,1096.5,1
240,NARS-13_000240.JPG,3083,3391,2071,2361,3237.0,2216.0,15
240,NARS-13_000240.JPG,5331,5593,1902,2183,5462.0,2042.5,38
240,NARS-13_000240.JPG,1391,1711,47,304,1551.0,175.5,46
240,NARS-13_000240.JPG,1390,1625,1221,1504,1507.5,1362.5,32
240,NARS-13_000240.JPG,5143,5542,2199,2569,5342.5,2384.0,24
240,NARS-13_000240.JPG,803,1019,1471,1617,911.0,1544.0,6
240,NARS-13_000240.JPG,2617,2881,1220,1486,2749.0,1353.0,35
240,NARS-13_000240.JPG,4163,4345,905,1046,4254.0,975.5,60
249,NARS-13_000249.JPG,4579,4906,968,1302,4742.5,1135.0,29
249,NARS-13_000249.JPG,2435,2656,2584,2791,2545.5,2687.5,58
249,NARS-13_000249.JPG,5073,5407,3272,3417,5240.0,3344.5,57
249,NARS-13_000249.JPG,3812,4026,3080,3404,3919.0,3242.0,19
249,NARS-13_000249.JPG,4425,4658,2292,2569,4541.5,2430.5,30
249,NARS-13_000249.JPG,5607,5907,1508,1791,5757.0,1649.5,13
249,NARS-13_000249.JPG,4865,5151,2650,2935,5008.0,2792.5,22
249,NARS-13_000249.JPG,5631,5917,2162,2468,5774.0,2315.0,3
249,NARS-13_000249.JPG,4476,4766,1487,1726,4621.0,1606.5,56
249,NARS-13_000249.JPG,4762,5127,1204,1561,4944.5,1382.5,34
249,NARS-13_000249.JPG,5014,5334,2456,2760,5174.0,2608.0,20
249,NARS-13_000249.JPG,4327,4705,3112,3377,4516.0,3244.5,21
249,NARS-13_000249.JPG,2809,3109,138,412,2959.0,275.0,52
249,NARS-13_000249.JPG,2591,2833,51,353,2712.0,202.0,16
249,NARS-13_000249.JPG,1318,1589,598,932,1453.5,765.0,14
249,NARS-13_000249.JPG,5346,5589,2536,2744,5467.5,2640.0,4
249,NARS-13_000249.JPG,993,1305,2641,2898,1149.0,2769.5,47
249,NARS-13_000249.JPG,3872,4195,2118,2410,4033.5,2264.0,41
249,NARS-13_000249.JPG,5245,5578,1547,1920,5411.5,1733.5,36
249,NARS-13_000249.JPG,531,757,1926,2238,644.0,2082.0,48
249,NARS-13_000249.JPG,4168,4376,849,1022,4272.0,935.5,60
249,NARS-13_000249.JPG,5169,5483,1891,2166,5326.0,2028.5,38
249,NARS-13_000249.JPG,4447,4779,1292,1571,4613.0,1431.5,31
249,NARS-13_000249.JPG,5583,5835,2700,2961,5709.0,2830.5,7
249,NARS-13_000249.JPG,4286,4537,3,171,4411.5,87.0,55
249,NARS-13_000249.JPG,3111,3305,2545,2822,3208.0,2683.5,10
249,NARS-13_000249.JPG,3315,3656,2011,2295,3485.5,2153.0,23
249,NARS-13_000249.JPG,1420,1620,1667,1971,1520.0,1819.0,51
249,NARS-13_000249.JPG,3028,3277,2165,2430,3152.5,2297.5,15
249,NARS-13_000249.JPG,4678,4936,3097,3401,4807.0,3249.0,54
249,NARS-13_000249.JPG,4324,4637,2945,3207,4480.5,3076.0,37
249,NARS-13_000249.JPG,605,898,2263,2565,751.5,2414.0,44
249,NARS-13_000249.JPG,431,657,2122,2438,544.0,2280.0,39
249,NARS-13_000249.JPG,1519,1775,83,462,1647.0,272.5,45
249,NARS-13_000249.JPG,3268,3644,1401,1781,3456.0,1591.0,27
249,NARS-13_000249.JPG,673,855,166,525,764.0,345.5,12
249,NARS-13_000249.JPG,5004,5338,60,309,5171.0,184.5,42
249,NARS-13_000249.JPG,2750,3090,2344,2588,2920.0,2466.0,26
249,NARS-13_000249.JPG,1821,2104,625,1036,1962.5,830.5,28
249,NARS-13_000249.JPG,2234,2545,1420,1730,2389.5,1575.0,35
249,NARS-13_000249.JPG,1295,1551,92,387,1423.0,239.5,46
249,NARS-13_000249.JPG,2524,2844,1386,1667,2684.0,1526.5,50
249,NARS-13_000249.JPG,4983,5374,2167,2525,5178.5,2346.0,25
249,NARS-13_000249.JPG,5510,5852,996,1243,5681.0,1119.5,33
249,NARS-13_000249.JPG,3206,3449,1649,1869,3327.5,1759.0,49
249,NARS-13_000249.JPG,1271,1496,1372,1514,1383.5,1443.0,6
249,NARS-13_000249.JPG,1391,1601,1216,1495,1496.0,1355.5,32
249,NARS-13_000249.JPG,742,967,1433,1603,854.5,1518.0,61
253,NARS-13_000253.JPG,3801,4015,3066,3400,3908.0,3233.0,19
253,NARS-13_000253.JPG,4848,5150,2616,2944,4999.0,2780.0,22
253,NARS-13_000253.JPG,2402,2658,2578,2795,2530.0,2686.5,58
253,NARS-13_000253.JPG,5605,5910,1507,1794,5757.5,1650.5,13
253,NARS-13_000253.JPG,2596,2851,53,367,2723.5,210.0,16
253,NARS-13_000253.JPG,5008,5349,2462,2774,5178.5,2618.0,20
253,NARS-13_000253.JPG,4161,4380,851,1024,4270.5,937.5,60
253,NARS-13_000253.JPG,4416,4663,2292,2583,4539.5,2437.5,30
253,NARS-13_000253.JPG,5134,5468,1883,2174,5301.0,2028.5,38
253,NARS-13_000253.JPG,5056,5399,3262,3417,5227.5,3339.5,57
253,NARS-13_000253.JPG,2802,3116,139,432,2959.0,285.5,52
253,NARS-13_000253.JPG,5620,5930,2171,2479,5775.0,2325.0,3
253,NARS-13_000253.JPG,4326,4701,3102,3382,4513.5,3242.0,21
253,NARS-13_000253.JPG,4432,4784,1287,1607,4608.0,1447.0,31
253,NARS-13_000253.JPG,5241,5584,1546,1932,5412.5,1739.0,36
253,NARS-13_000253.JPG,999,1320,2646,2903,1159.5,2774.5,47
253,NARS-13_000253.JPG,5345,5586,2534,2748,5465.5,2641.0,4
253,NARS-13_000253.JPG,3866,4198,2125,2431,4032.0,2278.0,41
253,NARS-13_000253.JPG,525,768,1924,2250,646.5,2087.0,48
253,NARS-13_000253.JPG,725,929,1417,1573,827.0,1495.0,61
253,NARS-13_000253.JPG,4590,4944,979,1333,4767.0,1156.0,29
253,NARS-13_000253.JPG,607,922,2295,2601,764.5,2448.0,44
253,NARS-13_000253.JPG,4291,4553,0,191,4422.0,95.5,55
253,NARS-13_000253.JPG,1306,1585,597,934,1445.5,765.5,14
253,NARS-13_000253.JPG,4303,4630,2927,3204,4466.5,3065.5,37
253,NARS-13_000253.JPG,2994,3250,2168,2456,3122.0,2312.0,15
253,NARS-13_000253.JPG,3114,3288,2541,2833,3201.0,2687.0,10
253,NARS-13_000253.JPG,5583,5835,2700,2961,5709.0,2830.5,7
253,NARS-13_000253.JPG,3299,3659,2013,2292,3479.0,2152.5,23
253,NARS-13_000253.JPG,4496,4802,1487,1740,4649.0,1613.5,56
253,NARS-13_000253.JPG,4669,4936,3098,3405,4802.5,3251.5,54
253,NARS-13_000253.JPG,1515,1790,89,476,1652.5,282.5,45
253,NARS-13_000253.JPG,3261,3645,1403,1799,3453.0,1601.0,27
253,NARS-13_000253.JPG,1408,1620,1663,1974,1514.0,1818.5,51
253,NARS-13_000253.JPG,2737,3089,2313,2589,2913.0,2451.0,26
253,NARS-13_000253.JPG,423,655,2113,2440,539.0,2276.5,39
253,NARS-13_000253.JPG,4980,5337,49,320,5158.5,184.5,42
253,NARS-13_000253.JPG,3675,3867,3338,3420,3771.0,3379.0,53
253,NARS-13_000253.JPG,4792,5183,1226,1588,4987.5,1407.0,34
253,NARS-13_000253.JPG,652,852,163,539,752.0,351.0,12
253,NARS-13_000253.JPG,1815,2102,612,1033,1958.5,822.5,28
253,NARS-13_000253.JPG,2493,2839,1390,1685,2666.0,1537.5,50
253,NARS-13_000253.JPG,4957,5342,2156,2532,5149.5,2344.0,25
253,NARS-13_000253.JPG,2191,2533,1429,1752,2362.0,1590.5,35
253,NARS-13_000253.JPG,1287,1544,94,398,1415.5,246.0,46
253,NARS-13_000253.JPG,5493,5835,976,1223,5664.0,1099.5,33
253,NARS-13_000253.JPG,3201,3445,1586,1900,3323.0,1743.0,49
253,NARS-13_000253.JPG,1388,1609,1217,1501,1498.5,1359.0,32
253,NARS-13_000253.JPG,1271,1496,1372,1514,1383.5,1443.0,6
256,NARS-13_000256.JPG,3801,4015,3066,3400,3908.0,3233.0,19
256,NARS-13_000256.JPG,2611,2866,62,376,2738.5,219.0,16
256,NARS-13_000256.JPG,4162,4382,852,1046,4272.0,949.0,60
256,NARS-13_000256.JPG,4854,5156,2616,2944,5005.0,2780.0,22
256,NARS-13_000256.JPG,5605,5910,1513,1800,5757.5,1656.5,13
256,NARS-13_000256.JPG,5248,5586,1563,1950,5417.0,1756.5,36
256,NARS-13_000256.JPG,5011,5352,2465,2777,5181.5,2621.0,20
256,NARS-13_000256.JPG,725,930,1418,1586,827.5,1502.0,61
256,NARS-13_000256.JPG,5131,5465,1889,2180,5298.0,2034.5,38
256,NARS-13_000256.JPG,2423,2679,2587,2804,2551.0,2695.5,58
256,NARS-13_000256.JPG,4422,4665,2302,2585,4543.5,2443.5,30
256,NARS-13_000256.JPG,5056,5399,3262,3417,5227.5,3339.5,57
256,NARS-13_000256.JPG,2802,3116,139,432,2959.0,285.5,52
256,NARS-13_000256.JPG,5620,5930,2171,2479,5775.0,2325.0,3
256,NARS-13_000256.JPG,3876,4208,2149,2444,4042.0,2296.5,41
256,NARS-13_000256.JPG,4326,4701,3102,3382,4513.5,3242.0,21
256,NARS-13_000256.JPG,621,936,2319,2608,778.5,2463.5,44
256,NARS-13_000256.JPG,4292,4578,0,202,4435.0,101.0,55
256,NARS-13_000256.JPG,5345,5586,2537,2751,5465.5,2644.0,4
256,NARS-13_000256.JPG,1011,1332,2652,2909,1171.5,2780.5,47
256,NARS-13_000256.JPG,1536,1811,98,485,1673.5,291.5,45
256,NARS-13_000256.JPG,525,768,1924,2250,646.5,2087.0,48
256,NARS-13_000256.JPG,1306,1585,597,934,1445.5,765.5,14
256,NARS-13_000256.JPG,4303,4630,2927,3204,4466.5,3065.5,37
256,NARS-13_000256.JPG,5586,5838,2700,2961,5712.0,2830.5,7
256,NARS-13_000256.JPG,4434,4786,1277,1586,4610.0,1431.5,31
256,NARS-13_000256.JPG,2988,3244,2168,2456,3116.0,2312.0,15
256,NARS-13_000256.JPG,3114,3288,2541,2833,3201.0,2687.0,10
256,NARS-13_000256.JPG,3299,3659,2019,2298,3479.0,2158.5,23
256,NARS-13_000256.JPG,4669,4936,3098,3405,4802.5,3251.5,54
256,NARS-13_000256.JPG,2731,3083,2322,2598,2907.0,2460.0,26
256,NARS-13_000256.JPG,1407,1621,1664,1976,1514.0,1820.0,51
256,NARS-13_000256.JPG,3267,3651,1403,1799,3459.0,1601.0,27
256,NARS-13_000256.JPG,4980,5337,55,326,5158.5,190.5,42
256,NARS-13_000256.JPG,4502,4808,1490,1743,4655.0,1616.5,56
256,NARS-13_000256.JPG,4605,4959,1003,1357,4782.0,1180.0,29
256,NARS-13_000256.JPG,652,852,172,548,752.0,360.0,12
256,NARS-13_000256.JPG,1815,2102,612,1033,1958.5,822.5,28
256,NARS-13_000256.JPG,4810,5201,1232,1594,5005.5,1413.0,34
256,NARS-13_000256.JPG,420,652,2141,2468,536.0,2304.5,39
256,NARS-13_000256.JPG,2493,2839,1390,1685,2666.0,1537.5,50
256,NARS-13_000256.JPG,4957,5342,2162,2538,5149.5,2350.0,25
256,NARS-13_000256.JPG,1282,1551,98,401,1416.5,249.5,46
256,NARS-13_000256.JPG,2191,2533,1429,1752,2362.0,1590.5,35
256,NARS-13_000256.JPG,5478,5820,979,1226,5649.0,1102.5,33
256,NARS-13_000256.JPG,1271,1476,1395,1542,1373.5,1468.5,6
256,NARS-13_000256.JPG,3201,3445,1586,1900,3323.0,1743.0,49
256,NARS-13_000256.JPG,1388,1609,1217,1501,1498.5,1359.0,32
257,NARS-13_000257.JPG,5113,5452,1900,2189,5282.5,2044.5,38
257,NARS-13_000257.JPG,5618,5925,1503,1811,5771.5,1657.0,13
257,NARS-13_000257.JPG,3795,4023,3077,3408,3909.0,3242.5,19
257,NARS-13_000257.JPG,4157,4385,847,1037,4271.0,942.0,60
257,NARS-13_000257.JPG,712,945,1429,1590,828.5,1509.5,61
257,NARS-13_000257.JPG,5016,5353,2477,2788,5184.5,2632.5,20
257,NARS-13_000257.JPG,2402,2663,2587,2806,2532.5,2696.5,58
257,NARS-13_000257.JPG,5056,5400,3285,3420,5228.0,3352.5,57
257,NARS-13_000257.JPG,2609,2872,78,389,2740.5,233.5,16
257,NARS-13_000257.JPG,5241,5582,1562,1941,5411.5,1751.5,36
257,NARS-13_000257.JPG,4860,5149,2642,2953,5004.5,2797.5,22
257,NARS-13_000257.JPG,5355,5572,2548,2759,5463.5,2653.5,4
257,NARS-13_000257.JPG,3881,4231,2162,2454,4056.0,2308.0,41
257,NARS-13_000257.JPG,520,761,1937,2254,640.5,2095.5,48
257,NARS-13_000257.JPG,4438,4779,1261,1628,4608.5,1444.5,31
257,NARS-13_000257.JPG,1313,1590,611,941,1451.5,776.0,14
257,NARS-13_000257.JPG,2823,3128,141,440,2975.5,290.5,52
257,NARS-13_000257.JPG,4400,4650,2298,2586,4525.0,2442.0,30
257,NARS-13_000257.JPG,5623,5944,2185,2494,5783.5,2339.5,3
257,NARS-13_000257.JPG,4322,4696,3125,3394,4509.0,3259.5,21
257,NARS-13_000257.JPG,613,930,2325,2627,771.5,2476.0,44
257,NARS-13_000257.JPG,4289,4561,-1,225,4425.0,112.0,55
257,NARS-13_000257.JPG,1003,1330,2666,2918,1166.5,2792.0,47
257,NARS-13_000257.JPG,5595,5847,2720,2969,5721.0,2844.5,7
257,NARS-13_000257.JPG,3114,3288,2541,2833,3201.0,2687.0,10
257,NARS-13_000257.JPG,3286,3643,2023,2297,3464.5,2160.0,23
257,NARS-13_000257.JPG,1410,1623,1669,1980,1516.5,1824.5,51
257,NARS-13_000257.JPG,2974,3230,2174,2454,3102.0,2314.0,15
257,NARS-13_000257.JPG,4292,4623,2946,3224,4457.5,3085.0,37
257,NARS-13_000257.JPG,2725,3081,2328,2608,2903.0,2468.0,26
257,NARS-13_000257.JPG,4666,4943,3102,3416,4804.5,3259.0,54
257,NARS-13_000257.JPG,1508,1790,118,510,1649.0,314.0,45
257,NARS-13_000257.JPG,4609,4966,1007,1349,4787.5,1178.0,29
257,NARS-13_000257.JPG,3263,3651,1390,1793,3457.0,1591.5,27
257,NARS-13_000257.JPG,651,861,180,548,756.0,364.0,12
257,NARS-13_000257.JPG,412,662,2116,2452,537.0,2284.0,39
257,NARS-13_000257.JPG,4981,5334,44,312,5157.5,178.0,42
257,NARS-13_000257.JPG,4517,4824,1480,1750,4670.5,1615.0,56
257,NARS-13_000257.JPG,4804,5195,1252,1609,4999.5,1430.5,34
257,NARS-13_000257.JPG,1807,2089,621,1042,1948.0,831.5,28
257,NARS-13_000257.JPG,5471,5795,999,1264,5633.0,1131.5,33
257,NARS-13_000257.JPG,4944,5326,2168,2531,5135.0,2349.5,25
257,NARS-13_000257.JPG,1281,1543,101,413,1412.0,257.0,46
257,NARS-13_000257.JPG,2506,2849,1385,1672,2677.5,1528.5,50
257,NARS-13_000257.JPG,2184,2517,1432,1757,2350.5,1594.5,35
257,NARS-13_000257.JPG,3198,3436,1583,1882,3317.0,1732.5,49
257,NARS-13_000257.JPG,1387,1622,1212,1510,1504.5,1361.0,32
257,NARS-13_000257.JPG,1297,1496,1418,1571,1396.5,1494.5,6
259,NARS-13_000259.JPG,2430,2644,2587,2798,2537.0,2692.5,58
259,NARS-13_000259.JPG,5099,5401,3295,3414,5250.0,3354.5,57
259,NARS-13_000259.JPG,713,947,1430,1606,830.0,1518.0,61
259,NARS-13_000259.JPG,4159,4382,855,1069,4270.5,962.0,60
259,NARS-13_000259.JPG,3813,4017,3086,3410,3915.0,3248.0,19
259,NARS-13_000259.JPG,4430,4647,2298,2572,4538.5,2435.0,30
259,NARS-13_000259.JPG,4871,5167,2618,2936,5019.0,2777.0,22
259,NARS-13_000259.JPG,1342,1616,644,965,1479.0,804.5,14
259,NARS-13_000259.JPG,4437,4777,1276,1612,4607.0,1444.0,31
259,NARS-13_000259.JPG,5662,5939,1522,1818,5800.5,1670.0,13
259,NARS-13_000259.JPG,4345,4685,3144,3361,4515.0,3252.5,21
259,NARS-13_000259.JPG,4316,4618,2946,3175,4467.0,3060.5,37
259,NARS-13_000259.JPG,534,738,1943,2235,636.0,2089.0,48
259,NARS-13_000259.JPG,5650,5924,2186,2475,5787.0,2330.5,3
259,NARS-13_000259.JPG,1421,1625,1672,1983,1523.0,1827.5,51
259,NARS-13_000259.JPG,5178,5455,1930,2200,5316.5,2065.0,38
259,NARS-13_000259.JPG,1569,1877,138,528,1723.0,333.0,45
259,NARS-13_000259.JPG,5628,5880,2732,2981,5754.0,2856.5,7
259,NARS-13_000259.JPG,2650,2908,94,380,2779.0,237.0,16
259,NARS-13_000259.JPG,5289,5650,1542,1941,5469.5,1741.5,36
259,NARS-13_000259.JPG,4301,4575,0,266,4438.0,133.0,55
259,NARS-13_000259.JPG,3285,3615,2040,2295,3450.0,2167.5,23
259,NARS-13_000259.JPG,5087,5420,2486,2785,5253.5,2635.5,20
259,NARS-13_000259.JPG,421,663,2135,2437,542.0,2286.0,39
259,NARS-13_000259.JPG,670,988,2386,2625,829.0,2505.5,44
259,NARS-13_000259.JPG,4668,4932,3131,3414,4800.0,3272.5,54
259,NARS-13_000259.JPG,3009,3257,2138,2427,3133.0,2282.5,15
259,NARS-13_000259.JPG,670,852,173,516,761.0,344.5,12
259,NARS-13_000259.JPG,3961,4269,2188,2465,4115.0,2326.5,41
259,NARS-13_000259.JPG,1043,1370,2696,2932,1206.5,2814.0,47
259,NARS-13_000259.JPG,2759,3092,2342,2597,2925.5,2469.5,26
259,NARS-13_000259.JPG,2880,3166,138,408,3023.0,273.0,52
259,NARS-13_000259.JPG,5013,5346,53,276,5179.5,164.5,42
259,NARS-13_000259.JPG,2245,2550,1421,1735,2397.5,1578.0,35
259,NARS-13_000259.JPG,1811,2091,600,1015,1951.0,807.5,28
259,NARS-13_000259.JPG,1300,1572,104,399,1436.0,251.5,46
259,NARS-13_000259.JPG,3314,3682,1377,1735,3498.0,1556.0,27
259,NARS-13_000259.JPG,5503,5827,1005,1270,5665.0,1137.5,33
259,NARS-13_000259.JPG,4587,4873,1528,1776,4730.0,1652.0,56
259,NARS-13_000259.JPG,4695,5041,1025,1352,4868.0,1188.5,29
259,NARS-13_000259.JPG,4992,5369,2181,2502,5180.5,2341.5,25
259,NARS-13_000259.JPG,4889,5238,1286,1632,5063.5,1459.0,34
259,NARS-13_000259.JPG,2597,2883,1339,1616,2740.0,1477.5,50
259,NARS-13_000259.JPG,3197,3414,1619,1855,3305.5,1737.0,49
259,NARS-13_000259.JPG,1396,1613,1222,1499,1504.5,1360.5,32
259,NARS-13_000259.JPG,1340,1528,1453,1612,1434.0,1532.5,6
259,NARS-13_000259.JPG,4492,4677,428,617,4584.5,522.5,62
268,NARS-13_000268.JPG,4744,5116,1225,1577,4930.0,1401.0,34
268,NARS-13_000268.JPG,4145,4400,814,1075,4272.5,944.5,60
268,NARS-13_000268.JPG,4288,4598,2910,3184,4443.0,3047.0,37
268,NARS-13_000268.JPG,4858,5145,2627,2946,5001.5,2786.5,22
268,NARS-13_000268.JPG,3008,3259,2204,2458,3133.5,2331.0,15
268,NARS-13_000268.JPG,1370,1605,648,942,1487.5,795.0,14
268,NARS-13_000268.JPG,530,757,1946,2252,643.5,2099.0,48
268,NARS-13_000268.JPG,5275,5625,1563,1948,5450.0,1755.5,36
268,NARS-13_000268.JPG,4442,4658,2316,2589,4550.0,2452.5,30
268,NARS-13_000268.JPG,4565,4889,947,1290,4727.0,1118.5,29
268,NARS-13_000268.JPG,5039,5360,2508,2801,5199.5,2654.5,20
268,NARS-13_000268.JPG,3870,4201,2123,2434,4035.5,2278.5,41
268,NARS-13_000268.JPG,1415,1627,1697,2014,1521.0,1855.5,51
268,NARS-13_000268.JPG,5645,5939,1552,1816,5792.0,1684.0,13
268,NARS-13_000268.JPG,4429,4752,1268,1619,4590.5,1443.5,31
268,NARS-13_000268.JPG,5624,5936,2184,2496,5780.0,2340.0,3
268,NARS-13_000268.JPG,2603,2843,65,306,2723.0,185.5,16
268,NARS-13_000268.JPG,2816,3124,131,408,2970.0,269.5,52
268,NARS-13_000268.JPG,999,1277,2596,2895,1138.0,2745.5,47
268,NARS-13_000268.JPG,3821,4024,3117,3419,3922.5,3268.0,19
268,NARS-13_000268.JPG,2386,2622,2591,2809,2504.0,2700.0,58
268,NARS-13_000268.JPG,5145,5462,1948,2204,5303.5,2076.0,38
268,NARS-13_000268.JPG,5036,5376,3251,3420,5206.0,3335.5,57
268,NARS-13_000268.JPG,3292,3630,2022,2294,3461.0,2158.0,23
268,NARS-13_000268.JPG,4368,4684,3134,3378,4526.0,3256.0,21
268,NARS-13_000268.JPG,4274,4543,1,184,4408.5,92.5,55
268,NARS-13_000268.JPG,4982,5335,56,332,5158.5,194.0,42
268,NARS-13_000268.JPG,4495,4820,1498,1751,4657.5,1624.5,56
268,NARS-13_000268.JPG,3671,3848,3346,3420,3759.5,3383.0,53
268,NARS-13_000268.JPG,675,864,172,519,769.5,345.5,12
268,NARS-13_000268.JPG,431,656,2130,2462,543.5,2296.0,39
268,NARS-13_000268.JPG,581,870,2296,2602,725.5,2449.0,44
268,NARS-13_000268.JPG,1817,2097,607,1034,1957.0,820.5,28
268,NARS-13_000268.JPG,4698,4979,3119,3419,4838.5,3269.0,54
268,NARS-13_000268.JPG,1499,1749,120,503,1624.0,311.5,45
268,NARS-13_000268.JPG,657,923,1451,1708,790.0,1579.5,61
268,NARS-13_000268.JPG,4359,4663,337,616,4511.0,476.5,62
268,NARS-13_000268.JPG,2748,3121,2364,2613,2934.5,2488.5,26
268,NARS-13_000268.JPG,3217,3563,1420,1752,3390.0,1586.0,27
268,NARS-13_000268.JPG,2494,2851,1396,1661,2672.5,1528.5,50
268,NARS-13_000268.JPG,4965,5332,2155,2547,5148.5,2351.0,25
268,NARS-13_000268.JPG,1299,1542,84,391,1420.5,237.5,46
268,NARS-13_000268.JPG,5503,5827,979,1244,5665.0,1111.5,33
268,NARS-13_000268.JPG,1200,1464,1357,1616,1332.0,1486.5,6
268,NARS-13_000268.JPG,3201,3499,1639,1867,3350.0,1753.0,49
268,NARS-13_000268.JPG,2140,2466,1427,1745,2303.0,1586.0,35
268,NARS-13_000268.JPG,1388,1605,1231,1508,1496.5,1369.5,32
268,NARS-13_000268.JPG,1951,2210,1732,1962,2080.5,1847.0,63
268,NARS-13_000268.JPG,881,1063,2400,2602,972.0,2501.0,64
269,NARS-13_000269.JPG,879,1061,2401,2608,970.0,2504.5,64
269,NARS-13_000269.JPG,4281,4592,2898,3187,4436.5,3042.5,37
269,NARS-13_000269.JPG,5127,5466,1900,2196,5296.5,2048.0,38
269,NARS-13_000269.JPG,4143,4401,813,1062,4272.0,937.5,60
269,NARS-13_000269.JPG,4860,5141,2604,2929,5000.5,2766.5,22
269,NARS-13_000269.JPG,3027,3259,2204,2467,3143.0,2335.5,15
269,NARS-13_000269.JPG,4754,5135,1227,1581,4944.5,1404.0,34
269,NARS-13_000269.JPG,4446,4656,2309,2581,4551.0,2445.0,30
269,NARS-13_000269.JPG,3886,4214,2118,2424,4050.0,2271.0,41
269,NARS-13_000269.JPG,1373,1617,638,944,1495.0,791.0,14
269,NARS-13_000269.JPG,1951,2220,1704,1950,2085.5,1827.0,63
269,NARS-13_000269.JPG,5047,5367,2500,2800,5207.0,2650.0,20
269,NARS-13_000269.JPG,5635,5932,1552,1819,5783.5,1685.5,13
269,NARS-13_000269.JPG,5275,5630,1554,1942,5452.5,1748.0,36
269,NARS-13_000269.JPG,524,767,1932,2248,645.5,2090.0,48
269,NARS-13_000269.JPG,2394,2626,2584,2804,2510.0,2694.0,58
269,NARS-13_000269.JPG,3817,4027,3107,3414,3922.0,3260.5,19
269,NARS-13_000269.JPG,1410,1626,1688,2005,1518.0,1846.5,51
269,NARS-13_000269.JPG,4370,4680,3112,3379,4525.0,3245.5,21
269,NARS-13_000269.JPG,4278,4553,3,183,4415.5,93.0,55
269,NARS-13_000269.JPG,3289,3633,2015,2289,3461.0,2152.0,23
269,NARS-13_000269.JPG,4567,4905,931,1275,4736.0,1103.0,29
269,NARS-13_000269.JPG,996,1282,2579,2892,1139.0,2735.5,47
269,NARS-13_000269.JPG,5630,5947,2179,2491,5788.5,2335.0,3
269,NARS-13_000269.JPG,5034,5384,3232,3417,5209.0,3324.5,57
269,NARS-13_000269.JPG,2608,2853,52,295,2730.5,173.5,16
269,NARS-13_000269.JPG,4433,4760,1249,1609,4596.5,1429.0,31
269,NARS-13_000269.JPG,3658,3846,3343,3416,3752.0,3379.5,53
269,NARS-13_000269.JPG,4493,4820,1481,1745,4656.5,1613.0,56
269,NARS-13_000269.JPG,2820,3132,123,396,2976.0,259.5,52
269,NARS-13_000269.JPG,4356,4669,325,612,4512.5,468.5,62
269,NARS-13_000269.JPG,681,871,175,524,776.0,349.5,12
269,NARS-13_000269.JPG,4990,5342,55,325,5166.0,190.0,42
269,NARS-13_000269.JPG,433,664,2120,2455,548.5,2287.5,39
269,NARS-13_000269.JPG,652,923,1438,1703,787.5,1570.5,61
269,NARS-13_000269.JPG,1827,2114,617,1028,1970.5,822.5,28
269,NARS-13_000269.JPG,581,876,2293,2611,728.5,2452.0,44
269,NARS-13_000269.JPG,4700,4978,3107,3418,4839.0,3262.5,54
269,NARS-13_000269.JPG,2746,3104,2361,2613,2925.0,2487.0,26
269,NARS-13_000269.JPG,1500,1747,115,505,1623.5,310.0,45
269,NARS-13_000269.JPG,2487,2833,1422,1696,2660.0,1559.0,50
269,NARS-13_000269.JPG,3220,3582,1416,1751,3401.0,1583.5,27
269,NARS-13_000269.JPG,4975,5353,2141,2536,5164.0,2338.5,25
269,NARS-13_000269.JPG,1308,1546,79,379,1427.0,229.0,46
269,NARS-13_000269.JPG,5503,5827,965,1230,5665.0,1097.5,33
269,NARS-13_000269.JPG,1204,1473,1338,1608,1338.5,1473.0,6
269,NARS-13_000269.JPG,3212,3487,1595,1864,3349.5,1729.5,49
269,NARS-13_000269.JPG,2149,2483,1431,1742,2316.0,1586.5,35
269,NARS-13_000269.JPG,1389,1605,1223,1504,1497.0,1363.5,32
270,NARS-13_000270.JPG,4853,5141,2611,2936,4997.0,2773.5,22
270,NARS-13_000270.JPG,1367,1611,626,932,1489.0,779.0,14
270,NARS-13_000270.JPG,864,1053,2391,2600,958.5,2495.5,64
270,NARS-13_000270.JPG,4269,4583,2897,3185,4426.0,3041.0,37
270,NARS-13_000270.JPG,5045,5362,2492,2795,5203.5,2643.5,20
270,NARS-13_000270.JPG,4444,4651,2313,2583,4547.5,2448.0,30
270,NARS-13_000270.JPG,4144,4399,803,1054,4271.5,928.5,60
270,NARS-13_000270.JPG,3820,4018,3103,3404,3919.0,3253.5,19
270,NARS-13_000270.JPG,3886,4208,2109,2426,4047.0,2267.5,41
270,NARS-13_000270.JPG,4764,5139,1225,1577,4951.5,1401.0,34
270,NARS-13_000270.JPG,1941,2214,1694,1938,2077.5,1816.0,63
270,NARS-13_000270.JPG,5648,5927,1547,1811,5787.5,1679.0,13
270,NARS-13_000270.JPG,1001,1293,2589,2891,1147.0,2740.0,47
270,NARS-13_000270.JPG,2392,2627,2590,2800,2509.5,2695.0,58
270,NARS-13_000270.JPG,535,765,1934,2241,650.0,2087.5,48
270,NARS-13_000270.JPG,3643,3840,3329,3416,3741.5,3372.5,53
270,NARS-13_000270.JPG,5270,5614,1540,1928,5442.0,1734.0,36
270,NARS-13_000270.JPG,5119,5407,1931,2197,5263.0,2064.0,38
270,NARS-13_000270.JPG,3041,3273,2190,2453,3157.0,2321.5,15
270,NARS-13_000270.JPG,4485,4811,1469,1742,4648.0,1605.5,56
270,NARS-13_000270.JPG,3296,3634,2010,2293,3465.0,2151.5,23
270,NARS-13_000270.JPG,5635,5942,2174,2481,5788.5,2327.5,3
270,NARS-13_000270.JPG,4358,4666,319,603,4512.0,461.0,62
270,NARS-13_000270.JPG,4435,4756,1255,1610,4595.5,1432.5,31
270,NARS-13_000270.JPG,4365,4677,3140,3378,4521.0,3259.0,21
270,NARS-13_000270.JPG,4983,5327,62,329,5155.0,195.5,42
270,NARS-13_000270.JPG,1402,1614,1683,1997,1508.0,1840.0,51
270,NARS-13_000270.JPG,2446,2801,1419,1693,2623.5,1556.0,50
270,NARS-13_000270.JPG,2603,2829,61,289,2716.0,175.0,16
270,NARS-13_000270.JPG,4557,4884,932,1260,4720.5,1096.0,29
270,NARS-13_000270.JPG,657,921,1429,1698,789.0,1563.5,61
270,NARS-13_000270.JPG,4265,4529,2,171,4397.0,86.5,55
270,NARS-13_000270.JPG,433,653,2116,2441,543.0,2278.5,39
270,NARS-13_000270.JPG,2816,3123,99,393,2969.5,246.0,52
270,NARS-13_000270.JPG,5017,5368,3211,3418,5192.5,3314.5,57
270,NARS-13_000270.JPG,2731,3086,2357,2606,2908.5,2481.5,26
270,NARS-13_000270.JPG,681,849,176,519,765.0,347.5,12
270,NARS-13_000270.JPG,4697,4968,3099,3415,4832.5,3257.0,54
270,NARS-13_000270.JPG,1826,2089,630,1032,1957.5,831.0,28
270,NARS-13_000270.JPG,3219,3560,1425,1792,3389.5,1608.5,27
270,NARS-13_000270.JPG,1496,1736,104,483,1616.0,293.5,45
270,NARS-13_000270.JPG,4957,5321,2131,2516,5139.0,2323.5,25
270,NARS-13_000270.JPG,569,826,2292,2517,697.5,2404.5,44
270,NARS-13_000270.JPG,1305,1532,90,394,1418.5,242.0,46
270,NARS-13_000270.JPG,5497,5821,967,1232,5659.0,1099.5,33
270,NARS-13_000270.JPG,1188,1456,1332,1597,1322.0,1464.5,6
270,NARS-13_000270.JPG,3215,3489,1641,1846,3352.0,1743.5,49
270,NARS-13_000270.JPG,2120,2456,1427,1737,2288.0,1582.0,35
270,NARS-13_000270.JPG,1388,1603,1228,1497,1495.5,1362.5,32
271,NARS-13_000271.JPG,4848,5143,2613,2942,4995.5,2777.5,22
271,NARS-13_000271.JPG,857,1051,2392,2603,954.0,2497.5,64
271,NARS-13_000271.JPG,3812,4015,3095,3405,3913.5,3250.0,19
271,NARS-13_000271.JPG,5033,5368,2492,2795,5200.5,2643.5,20
271,NARS-13_000271.JPG,3024,3262,2203,2465,3143.0,2334.0,15
271,NARS-13_000271.JPG,5635,5924,1541,1813,5779.5,1677.0,13
271,NARS-13_000271.JPG,4440,4651,2309,2585,4545.5,2447.0,30
271,NARS-13_000271.JPG,5101,5445,1922,2194,5273.0,2058.0,38
271,NARS-13_000271.JPG,2417,2788,1419,1714,2602.5,1566.5,50
271,NARS-13_000271.JPG,1337,1594,612,918,1465.5,765.0,14
271,NARS-13_000271.JPG,2391,2635,2574,2803,2513.0,2688.5,58
271,NARS-13_000271.JPG,4759,5148,1221,1580,4953.5,1400.5,34
271,NARS-13_000271.JPG,4257,4580,2883,3189,4418.5,3036.0,37
271,NARS-13_000271.JPG,4135,4404,795,1050,4269.5,922.5,60
271,NARS-13_000271.JPG,3607,3839,3326,3419,3723.0,3372.5,53
271,NARS-13_000271.JPG,5260,5615,1536,1929,5437.5,1732.5,36
271,NARS-13_000271.JPG,998,1294,2582,2886,1146.0,2734.0,47
271,NARS-13_000271.JPG,3870,4201,2103,2427,4035.5,2265.0,41
271,NARS-13_000271.JPG,5626,5948,2158,2486,5787.0,2322.0,3
271,NARS-13_000271.JPG,648,930,1412,1690,789.0,1551.0,61
271,NARS-13_000271.JPG,1920,2201,1674,1931,2060.5,1802.5,63
271,NARS-13_000271.JPG,4359,4677,3130,3382,4518.0,3256.0,21
271,NARS-13_000271.JPG,4348,4665,307,604,4506.5,455.5,62
271,NARS-13_000271.JPG,4479,4817,1453,1745,4648.0,1599.0,56
271,NARS-13_000271.JPG,516,762,1924,2238,639.0,2081.0,48
271,NARS-13_000271.JPG,4975,5324,58,340,5149.5,199.0,42
271,NARS-13_000271.JPG,4427,4766,1248,1614,4596.5,1431.0,31
271,NARS-13_000271.JPG,2711,3069,2352,2607,2890.0,2479.5,26
271,NARS-13_000271.JPG,2806,3130,109,393,2968.0,251.0,52
271,NARS-13_000271.JPG,3288,3673,2017,2291,3480.5,2154.0,23
271,NARS-13_000271.JPG,2593,2836,58,289,2714.5,173.5,16
271,NARS-13_000271.JPG,1398,1616,1662,1994,1507.0,1828.0,51
271,NARS-13_000271.JPG,4550,4884,926,1266,4717.0,1096.0,29
271,NARS-13_000271.JPG,4687,4968,3087,3411,4827.5,3249.0,54
271,NARS-13_000271.JPG,428,651,2109,2444,539.5,2276.5,39
271,NARS-13_000271.JPG,4262,4525,1,169,4393.5,85.0,55
271,NARS-13_000271.JPG,672,858,172,528,765.0,350.0,12
271,NARS-13_000271.JPG,5001,5373,3205,3420,5187.0,3312.5,57
271,NARS-13_000271.JPG,1823,2090,627,1042,1956.5,834.5,28
271,NARS-13_000271.JPG,3215,3564,1414,1798,3389.5,1606.0,27
271,NARS-13_000271.JPG,4945,5322,2120,2517,5133.5,2318.5,25
271,NARS-13_000271.JPG,564,866,2283,2589,715.0,2436.0,44
271,NARS-13_000271.JPG,1483,1731,96,487,1607.0,291.5,45
271,NARS-13_000271.JPG,1295,1540,84,405,1417.5,244.5,46
271,NARS-13_000271.JPG,5500,5824,953,1218,5662.0,1085.5,33
271,NARS-13_000271.JPG,1172,1449,1315,1604,1310.5,1459.5,6
271,NARS-13_000271.JPG,3202,3463,1582,1855,3332.5,1718.5,49
271,NARS-13_000271.JPG,2104,2458,1422,1748,2281.0,1585.0,35
271,NARS-13_000271.JPG,1380,1600,1222,1502,1490.0,1362.0,32
272,NARS-13_000272.JPG,4850,5138,2628,2938,4994.0,2783.0,22
272,NARS-13_000272.JPG,3812,4012,3067,3397,3912.0,3232.0,19
272,NARS-13_000272.JPG,2403,2777,1430,1716,2590.0,1573.0,50
272,NARS-13_000272.JPG,4728,5120,1210,1574,4924.0,1392.0,34
272,NARS-13_000272.JPG,3864,4250,2118,2427,4057.0,2272.5,41
272,NARS-13_000272.JPG,5038,5362,2489,2793,5200.0,2641.0,20
272,NARS-13_000272.JPG,858,1050,2395,2590,954.0,2492.5,64
272,NARS-13_000272.JPG,4133,4434,794,1094,4283.5,944.0,60
272,NARS-13_000272.JPG,5637,5927,1539,1806,5782.0,1672.5,13
272,NARS-13_000272.JPG,1347,1591,615,921,1469.0,768.0,14
272,NARS-13_000272.JPG,4435,4653,2302,2581,4544.0,2441.5,30
272,NARS-13_000272.JPG,3019,3248,2205,2457,3133.5,2331.0,15
272,NARS-13_000272.JPG,5098,5434,1918,2192,5266.0,2055.0,38
272,NARS-13_000272.JPG,3633,3841,3322,3420,3737.0,3371.0,53
272,NARS-13_000272.JPG,5255,5608,1542,1929,5431.5,1735.5,36
272,NARS-13_000272.JPG,647,931,1411,1678,789.0,1544.5,61
272,NARS-13_000272.JPG,1918,2221,1669,1924,2069.5,1796.5,63
272,NARS-13_000272.JPG,999,1296,2585,2885,1147.5,2735.0,47
272,NARS-13_000272.JPG,2377,2638,2551,2799,2507.5,2675.0,58
272,NARS-13_000272.JPG,2698,3056,2348,2605,2877.0,2476.5,26
272,NARS-13_000272.JPG,4363,4671,3127,3378,4517.0,3252.5,21
272,NARS-13_000272.JPG,4257,4564,2878,3180,4410.5,3029.0,37
272,NARS-13_000272.JPG,5633,5939,2162,2479,5786.0,2320.5,3
272,NARS-13_000272.JPG,2791,3137,118,394,2964.0,256.0,52
272,NARS-13_000272.JPG,528,761,1923,2231,644.5,2077.0,48
272,NARS-13_000272.JPG,4539,4870,935,1309,4704.5,1122.0,29
272,NARS-13_000272.JPG,4678,4964,3081,3408,4821.0,3244.5,54
272,NARS-13_000272.JPG,435,654,2107,2433,544.5,2270.0,39
272,NARS-13_000272.JPG,2593,2827,58,282,2710.0,170.0,16
272,NARS-13_000272.JPG,1393,1610,1658,1981,1501.5,1819.5,51
272,NARS-13_000272.JPG,5007,5365,3201,3420,5186.0,3310.5,57
272,NARS-13_000272.JPG,675,847,178,524,761.0,351.0,12
272,NARS-13_000272.JPG,4919,5255,67,365,5087.0,216.0,42
272,NARS-13_000272.JPG,4947,5308,2103,2506,5127.5,2304.5,25
272,NARS-13_000272.JPG,4243,4500,0,146,4371.5,73.0,55
272,NARS-13_000272.JPG,4509,4867,1423,1736,4688.0,1579.5,56
272,NARS-13_000272.JPG,1802,2091,623,1037,1946.5,830.0,28
272,NARS-13_000272.JPG,564,862,2282,2585,713.0,2433.5,44
272,NARS-13_000272.JPG,3220,3563,1413,1764,3391.5,1588.5,27
272,NARS-13_000272.JPG,1481,1733,92,481,1607.0,286.5,45
272,NARS-13_000272.JPG,3330,3676,2063,2338,3503.0,2200.5,23
272,NARS-13_000272.JPG,5473,5796,942,1222,5634.5,1082.0,33
272,NARS-13_000272.JPG,1299,1531,91,399,1415.0,245.0,46
272,NARS-13_000272.JPG,1177,1447,1311,1600,1312.0,1455.5,6
272,NARS-13_000272.JPG,4337,4610,1281,1584,4473.5,1432.5,31
272,NARS-13_000272.JPG,4316,4674,204,444,4495.0,324.0,62
272,NARS-13_000272.JPG,1383,1603,1220,1498,1493.0,1359.0,32
272,NARS-13_000272.JPG,2105,2451,1425,1748,2278.0,1586.5,35
272,NARS-13_000272.JPG,3127,3365,1620,1849,3246.0,1734.5,49
277,NARS-13_000277.JPG,3804,4014,3081,3389,3909.0,3235.0,19
277,NARS-13_000277.JPG,5625,5922,1526,1805,5773.5,1665.5,13
277,NARS-13_000277.JPG,4839,5136,2616,2941,4987.5,2778.5,22
277,NARS-13_000277.JPG,2397,2770,1434,1732,2583.5,1583.0,50
277,NARS-13_000277.JPG,4726,5113,1208,1572,4919.5,1390.0,34
277,NARS-13_000277.JPG,5023,5355,2491,2800,5189.0,2645.5,20
277,NARS-13_000277.JPG,848,1051,2379,2594,949.5,2486.5,64
277,NARS-13_000277.JPG,2391,2641,2578,2810,2516.0,2694.0,58
277,NARS-13_000277.JPG,643,940,1394,1675,791.5,1534.5,61
277,NARS-13_000277.JPG,3600,3833,3317,3419,3716.5,3368.0,53
277,NARS-13_000277.JPG,3009,3250,2194,2457,3129.5,2325.5,15
277,NARS-13_000277.JPG,4422,4645,2298,2580,4533.5,2439.0,30
277,NARS-13_000277.JPG,5244,5590,1541,1937,5417.0,1739.0,36
277,NARS-13_000277.JPG,5620,5941,2165,2483,5780.5,2324.0,3
277,NARS-13_000277.JPG,4350,4678,3122,3377,4514.0,3249.5,21
277,NARS-13_000277.JPG,4676,4957,3067,3396,4816.5,3231.5,54
277,NARS-13_000277.JPG,991,1298,2581,2889,1144.5,2735.0,47
277,NARS-13_000277.JPG,1336,1580,603,909,1458.0,756.0,14
277,NARS-13_000277.JPG,3857,4195,2117,2431,4026.0,2274.0,41
277,NARS-13_000277.JPG,1905,2200,1658,1921,2052.5,1789.5,63
277,NARS-13_000277.JPG,2690,3058,2363,2608,2874.0,2485.5,26
277,NARS-13_000277.JPG,5076,5424,1921,2204,5250.0,2062.5,38
277,NARS-13_000277.JPG,2780,3138,109,390,2959.0,249.5,52
277,NARS-13_000277.JPG,4919,5286,2100,2500,5102.5,2300.0,25
277,NARS-13_000277.JPG,521,759,1914,2233,640.0,2073.5,48
277,NARS-13_000277.JPG,425,656,2099,2439,540.5,2269.0,39
277,NARS-13_000277.JPG,4234,4548,2879,3178,4391.0,3028.5,37
277,NARS-13_000277.JPG,4525,4853,949,1316,4689.0,1132.5,29
277,NARS-13_000277.JPG,2590,2829,49,280,2709.5,164.5,16
277,NARS-13_000277.JPG,1382,1611,1650,1979,1496.5,1814.5,51
277,NARS-13_000277.JPG,652,849,174,534,750.5,354.0,12
277,NARS-13_000277.JPG,1812,2084,628,1047,1948.0,837.5,28
277,NARS-13_000277.JPG,4980,5349,3191,3420,5164.5,3305.5,57
277,NARS-13_000277.JPG,4236,4484,0,151,4360.0,75.5,55
277,NARS-13_000277.JPG,555,863,2281,2589,709.0,2435.0,44
277,NARS-13_000277.JPG,4524,4870,1420,1741,4697.0,1580.5,56
277,NARS-13_000277.JPG,3217,3549,1419,1768,3383.0,1593.5,27
277,NARS-13_000277.JPG,4898,5226,62,375,5062.0,218.5,42
277,NARS-13_000277.JPG,3328,3684,2072,2340,3506.0,2206.0,23
277,NARS-13_000277.JPG,1289,1527,87,418,1408.0,252.5,46
277,NARS-13_000277.JPG,1464,1715,98,491,1589.5,294.5,45
277,NARS-13_000277.JPG,5471,5794,930,1210,5632.5,1070.0,33
277,NARS-13_000277.JPG,1156,1434,1317,1605,1295.0,1461.0,6
277,NARS-13_000277.JPG,4057,4258,781,1084,4157.5,932.5,60
277,NARS-13_000277.JPG,4306,4672,253,423,4489.0,338.0,62
277,NARS-13_000277.JPG,4355,4608,1293,1587,4481.5,1440.0,31
277,NARS-13_000277.JPG,2101,2459,1429,1753,2280.0,1591.0,35
277,NARS-13_000277.JPG,1374,1613,1215,1505,1493.5,1360.0,32
277,NARS-13_000277.JPG,3128,3383,1572,1840,3255.5,1706.0,49
278,NARS-13_000278.JPG,5622,5918,1523,1806,5770.0,1664.5,13
278,NARS-13_000278.JPG,3803,4017,3079,3387,3910.0,3233.0,19
278,NARS-13_000278.JPG,4856,5127,2619,2944,4991.5,2781.5,22
278,NARS-13_000278.JPG,849,1047,2382,2592,948.0,2487.0,64
278,NARS-13_000278.JPG,5018,5364,2495,2797,5191.0,2646.0,20
278,NARS-13_000278.JPG,2380,2769,1438,1731,2574.5,1584.5,50
278,NARS-13_000278.JPG,4724,5103,1216,1574,4913.5,1395.0,34
278,NARS-13_000278.JPG,2395,2637,2576,2811,2516.0,2693.5,58
278,NARS-13_000278.JPG,642,939,1380,1670,790.5,1525.0,61
278,NARS-13_000278.JPG,4423,4647,2299,2580,4535.0,2439.5,30
278,NARS-13_000278.JPG,5618,5936,2169,2484,5777.0,2326.5,3
278,NARS-13_000278.JPG,4350,4664,3128,3372,4507.0,3250.0,21
278,NARS-13_000278.JPG,3003,3242,2198,2454,3122.5,2326.0,15
278,NARS-13_000278.JPG,5242,5582,1543,1939,5412.0,1741.0,36
278,NARS-13_000278.JPG,993,1293,2586,2890,1143.0,2738.0,47
278,NARS-13_000278.JPG,1904,2194,1656,1920,2049.0,1788.0,63
278,NARS-13_000278.JPG,4670,4979,3065,3396,4824.5,3230.5,54
278,NARS-13_000278.JPG,3855,4193,2117,2436,4024.0,2276.5,41
278,NARS-13_000278.JPG,2783,3137,115,392,2960.0,253.5,52
278,NARS-13_000278.JPG,2686,3056,2364,2610,2871.0,2487.0,26
278,NARS-13_000278.JPG,4918,5281,2093,2499,5099.5,2296.0,25
278,NARS-13_000278.JPG,522,771,1910,2233,646.5,2071.5,48
278,NARS-13_000278.JPG,424,650,2096,2435,537.0,2265.5,39
278,NARS-13_000278.JPG,1313,1563,614,920,1438.0,767.0,14
278,NARS-13_000278.JPG,5066,5421,1922,2205,5243.5,2063.5,38
278,NARS-13_000278.JPG,4524,4861,944,1322,4692.5,1133.0,29
278,NARS-13_000278.JPG,1403,1597,1649,1997,1500.0,1823.0,51
278,NARS-13_000278.JPG,2590,2827,54,283,2708.5,168.5,16
278,NARS-13_000278.JPG,4979,5343,3190,3420,5161.0,3305.0,57
278,NARS-13_000278.JPG,550,858,2284,2592,704.0,2438.0,44
278,NARS-13_000278.JPG,4234,4472,0,156,4353.0,78.0,55
278,NARS-13_000278.JPG,4533,4869,1420,1740,4701.0,1580.0,56
278,NARS-13_000278.JPG,3224,3545,1417,1766,3384.5,1591.5,27
278,NARS-13_000278.JPG,3330,3674,2058,2338,3502.0,2198.0,23
278,NARS-13_000278.JPG,4891,5215,68,374,5053.0,221.0,42
278,NARS-13_000278.JPG,4307,4668,256,431,4487.5,343.5,62
278,NARS-13_000278.JPG,1284,1527,91,423,1405.5,257.0,46
278,NARS-13_000278.JPG,4055,4260,779,1086,4157.5,932.5,60
278,NARS-13_000278.JPG,5482,5805,930,1225,5643.5,1077.5,33
278,NARS-13_000278.JPG,1160,1430,1318,1604,1295.0,1461.0,6
278,NARS-13_000278.JPG,581,809,230,557,695.0,393.5,12
278,NARS-13_000278.JPG,4339,4613,1291,1587,4476.0,1439.0,31
278,NARS-13_000278.JPG,1728,1994,705,1058,1861.0,881.5,28
278,NARS-13_000278.JPG,1377,1621,1216,1504,1499.0,1360.0,32
278,NARS-13_000278.JPG,2098,2468,1427,1748,2283.0,1587.5,35
278,NARS-13_000278.JPG,1457,1682,250,596,1569.5,423.0,45
278,NARS-13_000278.JPG,4123,4388,2894,3211,4255.5,3052.5,37
278,NARS-13_000278.JPG,3126,3375,1582,1838,3250.5,1710.0,49
279,NARS-13_000279.JPG,4106,4395,788,1088,4250.5,938.0,60
279,NARS-13_000279.JPG,4732,5110,1216,1580,4921.0,1398.0,34
279,NARS-13_000279.JPG,5635,5922,1537,1806,5778.5,1671.5,13
279,NARS-13_000279.JPG,853,1036,2387,2600,944.5,2493.5,64
279,NARS-13_000279.JPG,2778,3142,120,433,2960.0,276.5,52
279,NARS-13_000279.JPG,4864,5130,2641,2948,4997.0,2794.5,22
279,NARS-13_000279.JPG,1916,2198,1664,1930,2057.0,1797.0,63
279,NARS-13_000279.JPG,3006,3250,2206,2457,3128.0,2331.5,15
279,NARS-13_000279.JPG,5245,5579,1554,1950,5412.0,1752.0,36
279,NARS-13_000279.JPG,3782,4071,3090,3394,3926.5,3242.0,19
279,NARS-13_000279.JPG,645,931,1390,1679,788.0,1534.5,61
279,NARS-13_000279.JPG,4674,4947,3071,3398,4810.5,3234.5,54
279,NARS-13_000279.JPG,2394,2641,2587,2823,2517.5,2705.0,58
279,NARS-13_000279.JPG,994,1292,2595,2894,1143.0,2744.5,47
279,NARS-13_000279.JPG,3598,3823,3321,3418,3710.5,3369.5,53
279,NARS-13_000279.JPG,5024,5359,2508,2806,5191.5,2657.0,20
279,NARS-13_000279.JPG,4430,4638,2309,2587,4534.0,2448.0,30
279,NARS-13_000279.JPG,5634,5933,2174,2487,5783.5,2330.5,3
279,NARS-13_000279.JPG,3860,4193,2131,2443,4026.5,2287.0,41
279,NARS-13_000279.JPG,2372,2761,1454,1744,2566.5,1599.0,50
279,NARS-13_000279.JPG,4918,5272,2105,2505,5095.0,2305.0,25
279,NARS-13_000279.JPG,4354,4669,3139,3394,4511.5,3266.5,21
279,NARS-13_000279.JPG,2591,2837,62,294,2714.0,178.0,16
279,NARS-13_000279.JPG,524,766,1913,2228,645.0,2070.5,48
279,NARS-13_000279.JPG,4529,4865,957,1321,4697.0,1139.0,29
279,NARS-13_000279.JPG,1313,1563,614,920,1438.0,767.0,14
279,NARS-13_000279.JPG,427,646,2105,2434,536.5,2269.5,39
279,NARS-13_000279.JPG,2691,3059,2372,2620,2875.0,2496.0,26
279,NARS-13_000279.JPG,5074,5415,1932,2212,5244.5,2072.0,38
279,NARS-13_000279.JPG,1381,1607,1643,1985,1494.0,1814.0,51
279,NARS-13_000279.JPG,4222,4527,2887,3185,4374.5,3036.0,37
279,NARS-13_000279.JPG,4242,4490,0,152,4366.0,76.0,55
279,NARS-13_000279.JPG,3213,3578,1424,1772,3395.5,1598.0,27
279,NARS-13_000279.JPG,4318,4672,258,437,4495.0,347.5,62
279,NARS-13_000279.JPG,626,837,206,543,731.5,374.5,12
279,NARS-13_000279.JPG,4980,5326,3194,3416,5153.0,3305.0,57
279,NARS-13_000279.JPG,554,854,2287,2604,704.0,2445.5,44
279,NARS-13_000279.JPG,1814,2057,649,1049,1935.5,849.0,28
279,NARS-13_000279.JPG,4541,4873,1431,1743,4707.0,1587.0,56
279,NARS-13_000279.JPG,4901,5211,73,381,5056.0,227.0,42
279,NARS-13_000279.JPG,1295,1524,99,414,1409.5,256.5,46
279,NARS-13_000279.JPG,1160,1422,1328,1613,1291.0,1470.5,6
279,NARS-13_000279.JPG,3341,3680,2084,2349,3510.5,2216.5,23
279,NARS-13_000279.JPG,4354,4620,1309,1594,4487.0,1451.5,31
279,NARS-13_000279.JPG,5488,5811,930,1216,5649.5,1073.0,33
279,NARS-13_000279.JPG,1415,1681,206,591,1548.0,398.5,45
279,NARS-13_000279.JPG,1381,1596,1224,1503,1488.5,1363.5,32
279,NARS-13_000279.JPG,2096,2428,1435,1785,2262.0,1610.0,35
279,NARS-13_000279.JPG,3134,3389,1579,1844,3261.5,1711.5,49
279,NARS-13_000279.JPG,1802,1929,1701,1828,1865.5,1764.5,65
280,NARS-13_000280.JPG,1802,1929,1701,1828,1865.5,1764.5,65
280,NARS-13_000280.JPG,4102,4404,789,1090,4253.0,939.5,60
280,NARS-13_000280.JPG,5257,5607,1567,1949,5432.0,1758.0,36
280,NARS-13_000280.JPG,4852,5137,2636,2958,4994.5,2797.0,22
280,NARS-13_000280.JPG,843,1052,2402,2619,947.5,2510.5,64
280,NARS-13_000280.JPG,3773,4077,3094,3396,3925.0,3245.0,19
280,NARS-13_000280.JPG,5641,5930,1539,1811,5785.5,1675.0,13
280,NARS-13_000280.JPG,1934,2238,1675,1938,2086.0,1806.5,63
280,NARS-13_000280.JPG,4556,4897,969,1335,4726.5,1152.0,29
280,NARS-13_000280.JPG,3873,4209,2138,2449,4041.0,2293.5,41
280,NARS-13_000280.JPG,640,950,1419,1690,795.0,1554.5,61
280,NARS-13_000280.JPG,2391,2642,2582,2828,2516.5,2705.0,58
280,NARS-13_000280.JPG,4427,4649,2314,2589,4538.0,2451.5,30
280,NARS-13_000280.JPG,527,761,1930,2242,644.0,2086.0,48
280,NARS-13_000280.JPG,987,1297,2596,2897,1142.0,2746.5,47
280,NARS-13_000280.JPG,5033,5368,2509,2807,5200.5,2658.0,20
280,NARS-13_000280.JPG,3589,3827,3321,3420,3708.0,3370.5,53
280,NARS-13_000280.JPG,4672,4960,3073,3402,4816.0,3237.5,54
280,NARS-13_000280.JPG,4753,5148,1241,1603,4950.5,1422.0,34
280,NARS-13_000280.JPG,2388,2763,1454,1750,2575.5,1602.0,50
280,NARS-13_000280.JPG,2603,2849,62,294,2726.0,178.0,16
280,NARS-13_000280.JPG,4350,4667,3139,3391,4508.5,3265.0,21
280,NARS-13_000280.JPG,1322,1572,602,908,1447.0,755.0,14
280,NARS-13_000280.JPG,2784,3159,117,389,2971.5,253.0,52
280,NARS-13_000280.JPG,5071,5421,1928,2209,5246.0,2068.5,38
280,NARS-13_000280.JPG,5644,5953,2173,2493,5798.5,2333.0,3
280,NARS-13_000280.JPG,429,654,2112,2445,541.5,2278.5,39
280,NARS-13_000280.JPG,4932,5293,2108,2502,5112.5,2305.0,25
280,NARS-13_000280.JPG,4228,4531,2886,3184,4379.5,3035.0,37
280,NARS-13_000280.JPG,4992,5344,3213,3420,5168.0,3316.5,57
280,NARS-13_000280.JPG,2693,3059,2394,2630,2876.0,2512.0,26
280,NARS-13_000280.JPG,1385,1607,1629,1984,1496.0,1806.5,51
280,NARS-13_000280.JPG,4245,4492,1,169,4368.5,85.0,55
280,NARS-13_000280.JPG,4329,4685,261,440,4507.0,350.5,62
280,NARS-13_000280.JPG,4902,5237,75,387,5069.5,231.0,42
280,NARS-13_000280.JPG,1816,2072,652,1048,1944.0,850.0,28
280,NARS-13_000280.JPG,3217,3550,1429,1790,3383.5,1609.5,27
280,NARS-13_000280.JPG,625,825,205,544,725.0,374.5,12
280,NARS-13_000280.JPG,4551,4877,1438,1746,4714.0,1592.0,56
280,NARS-13_000280.JPG,523,865,2309,2610,694.0,2459.5,44
280,NARS-13_000280.JPG,4369,4632,1307,1596,4500.5,1451.5,31
280,NARS-13_000280.JPG,1285,1521,99,416,1403.0,257.5,46
280,NARS-13_000280.JPG,3333,3681,2078,2349,3507.0,2213.5,23
280,NARS-13_000280.JPG,1172,1448,1353,1629,1310.0,1491.0,6
280,NARS-13_000280.JPG,1441,1679,212,587,1560.0,399.5,45
280,NARS-13_000280.JPG,2094,2444,1435,1755,2269.0,1595.0,35
280,NARS-13_000280.JPG,1374,1601,1233,1507,1487.5,1370.0,32
280,NARS-13_000280.JPG,3118,3387,1585,1840,3252.5,1712.5,49
284,NARS-13_000284.JPG,5048,5378,3274,3418,5213.0,3346.0,57
284,NARS-13_000284.JPG,4095,4383,802,1094,4239.0,948.0,60
284,NARS-13_000284.JPG,2405,2762,1463,1721,2583.5,1592.0,50
284,NARS-13_000284.JPG,4439,4644,2325,2573,4541.5,2449.0,30
284,NARS-13_000284.JPG,505,749,1961,2251,627.0,2106.0,48
284,NARS-13_000284.JPG,5272,5635,1567,1956,5453.5,1761.5,36
284,NARS-13_000284.JPG,3798,4010,3120,3403,3904.0,3261.5,19
284,NARS-13_000284.JPG,2647,2875,129,326,2761.0,227.5,16
284,NARS-13_000284.JPG,4854,5161,2660,2955,5007.5,2807.5,22
284,NARS-13_000284.JPG,999,1320,2666,2914,1159.5,2790.0,47
284,NARS-13_000284.JPG,4364,4668,3153,3388,4516.0,3270.5,21
284,NARS-13_000284.JPG,5104,5420,1956,2216,5262.0,2086.0,38
284,NARS-13_000284.JPG,2375,2608,2600,2819,2491.5,2709.5,58
284,NARS-13_000284.JPG,1380,1595,1688,1990,1487.5,1839.0,51
284,NARS-13_000284.JPG,4918,5262,67,353,5090.0,210.0,42
284,NARS-13_000284.JPG,5648,5956,2202,2509,5802.0,2355.5,3
284,NARS-13_000284.JPG,4693,4964,3118,3417,4828.5,3267.5,54
284,NARS-13_000284.JPG,4235,4515,2912,3193,4375.0,3052.5,37
284,NARS-13_000284.JPG,4310,4678,262,441,4494.0,351.5,62
284,NARS-13_000284.JPG,1802,1969,1746,1896,1885.5,1821.0,65
284,NARS-13_000284.JPG,422,644,2137,2460,533.0,2298.5,39
284,NARS-13_000284.JPG,2704,3064,2401,2633,2884.0,2517.0,26
284,NARS-13_000284.JPG,2851,3182,126,416,3016.5,271.0,52
284,NARS-13_000284.JPG,4625,4974,1000,1351,4799.5,1175.5,29
284,NARS-13_000284.JPG,3308,3622,2079,2331,3465.0,2205.0,23
284,NARS-13_000284.JPG,4956,5310,2148,2531,5133.0,2339.5,25
284,NARS-13_000284.JPG,864,1066,2452,2703,965.0,2577.5,64
284,NARS-13_000284.JPG,4364,4652,1313,1650,4508.0,1481.5,31
284,NARS-13_000284.JPG,1811,2051,656,1049,1931.0,852.5,28
284,NARS-13_000284.JPG,4247,4499,3,300,4373.0,151.5,55
284,NARS-13_000284.JPG,5116,5418,2552,2817,5267.0,2684.5,20
284,NARS-13_000284.JPG,647,911,1488,1753,779.0,1620.5,61
284,NARS-13_000284.JPG,598,905,2410,2656,751.5,2533.0,44
284,NARS-13_000284.JPG,618,817,228,537,717.5,382.5,12
284,NARS-13_000284.JPG,1292,1513,103,412,1402.5,257.5,46
284,NARS-13_000284.JPG,3972,4309,2176,2477,4140.5,2326.5,41
284,NARS-13_000284.JPG,3194,3510,1437,1753,3352.0,1595.0,27
284,NARS-13_000284.JPG,2021,2337,1659,1954,2179.0,1806.5,63
284,NARS-13_000284.JPG,4581,4883,1495,1802,4732.0,1648.5,56
284,NARS-13_000284.JPG,1466,1720,197,578,1593.0,387.5,45
284,NARS-13_000284.JPG,4863,5233,1328,1657,5048.0,1492.5,34
284,NARS-13_000284.JPG,2120,2452,1441,1758,2286.0,1599.5,35
284,NARS-13_000284.JPG,3155,3397,1591,1818,3276.0,1704.5,49
284,NARS-13_000284.JPG,1377,1591,1237,1508,1484.0,1372.5,32
284,NARS-13_000284.JPG,1276,1598,1498,1737,1437.0,1617.5,6
284,NARS-13_000284.JPG,3058,3204,510,650,3131.0,580.0,66
285,NARS-13_000285.JPG,2421,2764,1456,1708,2592.5,1582.0,50
285,NARS-13_000285.JPG,5064,5387,3298,3418,5225.5,3358.0,57
285,NARS-13_000285.JPG,508,752,1967,2266,630.0,2116.5,48
285,NARS-13_000285.JPG,4101,4374,816,1099,4237.5,957.5,60
285,NARS-13_000285.JPG,2633,2857,140,325,2745.0,232.5,16
285,NARS-13_000285.JPG,4438,4626,2326,2575,4532.0,2450.5,30
285,NARS-13_000285.JPG,3827,4009,3130,3405,3918.0,3267.5,19
285,NARS-13_000285.JPG,3024,3175,506,642,3099.5,574.0,66
285,NARS-13_000285.JPG,4865,5159,2670,2953,5012.0,2811.5,22
285,NARS-13_000285.JPG,4355,4660,3149,3380,4507.5,3264.5,21
285,NARS-13_000285.JPG,1751,1946,1731,1894,1848.5,1812.5,65
285,NARS-13_000285.JPG,5283,5656,1594,1959,5469.5,1776.5,36
285,NARS-13_000285.JPG,4932,5288,62,335,5110.0,198.5,42
285,NARS-13_000285.JPG,1008,1329,2678,2918,1168.5,2798.0,47
285,NARS-13_000285.JPG,1386,1598,1686,1995,1492.0,1840.5,51
285,NARS-13_000285.JPG,5113,5416,1967,2219,5264.5,2093.0,38
285,NARS-13_000285.JPG,4335,4685,262,444,4510.0,353.0,62
285,NARS-13_000285.JPG,5653,5934,2208,2513,5793.5,2360.5,3
285,NARS-13_000285.JPG,3933,4248,2193,2462,4090.5,2327.5,41
285,NARS-13_000285.JPG,2845,3172,145,438,3008.5,291.5,52
285,NARS-13_000285.JPG,2367,2585,2602,2812,2476.0,2707.0,58
285,NARS-13_000285.JPG,868,1076,2441,2680,972.0,2560.5,64
285,NARS-13_000285.JPG,4237,4514,2926,3187,4375.5,3056.5,37
285,NARS-13_000285.JPG,2715,3058,2399,2626,2886.5,2512.5,26
285,NARS-13_000285.JPG,4249,4527,3,272,4388.0,137.5,55
285,NARS-13_000285.JPG,418,651,2147,2467,534.5,2307.0,39
285,NARS-13_000285.JPG,4380,4659,1312,1637,4519.5,1474.5,31
285,NARS-13_000285.JPG,4703,4974,3135,3420,4838.5,3277.5,54
285,NARS-13_000285.JPG,3300,3626,2081,2317,3463.0,2199.0,23
285,NARS-13_000285.JPG,4802,5185,1280,1625,4993.5,1452.5,34
285,NARS-13_000285.JPG,5118,5395,2563,2810,5256.5,2686.5,20
285,NARS-13_000285.JPG,4634,4964,1018,1365,4799.0,1191.5,29
285,NARS-13_000285.JPG,1817,2043,662,1058,1930.0,860.0,28
285,NARS-13_000285.JPG,619,817,227,535,718.0,381.0,12
285,NARS-13_000285.JPG,652,919,1496,1765,785.5,1630.5,61
285,NARS-13_000285.JPG,594,896,2406,2669,745.0,2537.5,44
285,NARS-13_000285.JPG,1289,1526,93,402,1407.5,247.5,46
285,NARS-13_000285.JPG,4968,5320,2164,2541,5144.0,2352.5,25
285,NARS-13_000285.JPG,2022,2340,1666,1961,2181.0,1813.5,63
285,NARS-13_000285.JPG,3195,3510,1441,1753,3352.5,1597.0,27
285,NARS-13_000285.JPG,4575,4879,1521,1815,4727.0,1668.0,56
285,NARS-13_000285.JPG,1465,1720,213,585,1592.5,399.0,45
285,NARS-13_000285.JPG,2137,2454,1441,1753,2295.5,1597.0,35
285,NARS-13_000285.JPG,3156,3385,1605,1808,3270.5,1706.5,49
285,NARS-13_000285.JPG,1378,1599,1243,1510,1488.5,1376.5,32
285,NARS-13_000285.JPG,1283,1592,1480,1729,1437.5,1604.5,6
287,NARS-13_000287.JPG,2621,2833,119,315,2727.0,217.0,16
287,NARS-13_000287.JPG,4439,4638,2311,2574,4538.5,2442.5,30
287,NARS-13_000287.JPG,842,1070,2353,2616,956.0,2484.5,64
287,NARS-13_000287.JPG,499,753,1971,2267,626.0,2119.0,48
287,NARS-13_000287.JPG,1401,1621,1690,2011,1511.0,1850.5,51
287,NARS-13_000287.JPG,2440,2777,1441,1686,2608.5,1563.5,50
287,NARS-13_000287.JPG,4101,4369,825,1105,4235.0,965.0,60
287,NARS-13_000287.JPG,3832,4011,3128,3410,3921.5,3269.0,19
287,NARS-13_000287.JPG,4336,4692,246,485,4514.0,365.5,62
287,NARS-13_000287.JPG,4864,5153,2682,2954,5008.5,2818.0,22
287,NARS-13_000287.JPG,4258,4524,2922,3187,4391.0,3054.5,37
287,NARS-13_000287.JPG,4405,4665,3152,3362,4535.0,3257.0,21
287,NARS-13_000287.JPG,5284,5664,1574,1953,5474.0,1763.5,36
287,NARS-13_000287.JPG,4252,4548,0,253,4400.0,126.5,55
287,NARS-13_000287.JPG,3914,4231,2194,2465,4072.5,2329.5,41
287,NARS-13_000287.JPG,2829,3162,157,461,2995.5,309.0,52
287,NARS-13_000287.JPG,5134,5430,1972,2219,5282.0,2095.5,38
287,NARS-13_000287.JPG,2972,3163,488,679,3067.5,583.5,66
287,NARS-13_000287.JPG,4956,5313,60,307,5134.5,183.5,42
287,NARS-13_000287.JPG,5117,5413,3324,3417,5265.0,3370.5,57
287,NARS-13_000287.JPG,1016,1343,2686,2926,1179.5,2806.0,47
287,NARS-13_000287.JPG,3346,3601,2065,2302,3473.5,2183.5,23
287,NARS-13_000287.JPG,5639,5946,2224,2522,5792.5,2373.0,3
287,NARS-13_000287.JPG,4382,4671,1302,1633,4526.5,1467.5,31
287,NARS-13_000287.JPG,2726,3077,2389,2624,2901.5,2506.5,26
287,NARS-13_000287.JPG,4690,4965,3144,3420,4827.5,3282.0,54
287,NARS-13_000287.JPG,1708,1964,1748,1957,1836.0,1852.5,65
287,NARS-13_000287.JPG,2348,2565,2598,2808,2456.5,2703.0,58
287,NARS-13_000287.JPG,409,650,2153,2471,529.5,2312.0,39
287,NARS-13_000287.JPG,588,896,2381,2657,742.0,2519.0,44
287,NARS-13_000287.JPG,5122,5406,2557,2795,5264.0,2676.0,20
287,NARS-13_000287.JPG,1823,2044,668,1049,1933.5,858.5,28
287,NARS-13_000287.JPG,631,819,250,522,725.0,386.0,12
287,NARS-13_000287.JPG,4794,5173,1304,1637,4983.5,1470.5,34
287,NARS-13_000287.JPG,4636,4969,1024,1373,4802.5,1198.5,29
287,NARS-13_000287.JPG,2022,2349,1669,1980,2185.5,1824.5,63
287,NARS-13_000287.JPG,1292,1529,81,384,1410.5,232.5,46
287,NARS-13_000287.JPG,4562,4877,1533,1825,4719.5,1679.0,56
287,NARS-13_000287.JPG,664,925,1525,1790,794.5,1657.5,61
287,NARS-13_000287.JPG,1467,1717,182,580,1592.0,381.0,45
287,NARS-13_000287.JPG,3177,3503,1432,1741,3340.0,1586.5,27
287,NARS-13_000287.JPG,5011,5354,2178,2535,5182.5,2356.5,25
287,NARS-13_000287.JPG,2138,2462,1441,1744,2300.0,1592.5,35
287,NARS-13_000287.JPG,3180,3399,1599,1846,3289.5,1722.5,49
287,NARS-13_000287.JPG,1232,1541,1437,1710,1386.5,1573.5,6
287,NARS-13_000287.JPG,1380,1597,1251,1514,1488.5,1382.5,32
287,NARS-13_000287.JPG,1678,1820,2583,2716,1749.0,2649.5,67
290,NARS-13_000290.JPG,4455,4643,2317,2566,4549.0,2441.5,30
290,NARS-13_000290.JPG,1654,1861,2546,2769,1757.5,2657.5,67
290,NARS-13_000290.JPG,529,751,1976,2268,640.0,2122.0,48
290,NARS-13_000290.JPG,2936,3225,434,711,3080.5,572.5,66
290,NARS-13_000290.JPG,1006,1324,2634,2914,1165.0,2774.0,47
290,NARS-13_000290.JPG,3923,4231,2144,2455,4077.0,2299.5,41
290,NARS-13_000290.JPG,4285,4587,2933,3194,4436.0,3063.5,37
290,NARS-13_000290.JPG,1421,1635,1720,2031,1528.0,1875.5,51
290,NARS-13_000290.JPG,2606,2823,91,295,2714.5,193.0,16
290,NARS-13_000290.JPG,692,861,231,506,776.5,368.5,12
290,NARS-13_000290.JPG,4272,4621,0,239,4446.5,119.5,55
290,NARS-13_000290.JPG,1536,1844,147,537,1690.0,342.0,45
290,NARS-13_000290.JPG,4631,4923,981,1308,4777.0,1144.5,29
290,NARS-13_000290.JPG,4895,5165,2675,2936,5030.0,2805.5,22
290,NARS-13_000290.JPG,2469,2778,1430,1696,2623.5,1563.0,50
290,NARS-13_000290.JPG,1952,2285,1679,2012,2118.5,1845.5,63
290,NARS-13_000290.JPG,2724,3053,2366,2620,2888.5,2493.0,26
290,NARS-13_000290.JPG,1682,1971,1691,1974,1826.5,1832.5,65
290,NARS-13_000290.JPG,2373,2587,2590,2801,2480.0,2695.5,58
290,NARS-13_000290.JPG,3861,4018,3134,3411,3939.5,3272.5,19
290,NARS-13_000290.JPG,616,849,2323,2562,732.5,2442.5,44
290,NARS-13_000290.JPG,5167,5456,1964,2210,5311.5,2087.0,38
290,NARS-13_000290.JPG,3364,3615,2040,2295,3489.5,2167.5,23
290,NARS-13_000290.JPG,3304,3622,1443,1745,3463.0,1594.0,27
290,NARS-13_000290.JPG,5652,5957,2191,2509,5804.5,2350.0,3
290,NARS-13_000290.JPG,4172,4439,802,1104,4305.5,953.0,60
290,NARS-13_000290.JPG,5306,5668,1565,1949,5487.0,1757.0,36
290,NARS-13_000290.JPG,2842,3182,138,418,3012.0,278.0,52
290,NARS-13_000290.JPG,5127,5429,3314,3415,5278.0,3364.5,57
290,NARS-13_000290.JPG,4430,4685,3144,3361,4557.5,3252.5,21
290,NARS-13_000290.JPG,4464,4804,1223,1607,4634.0,1415.0,31
290,NARS-13_000290.JPG,4823,5172,1265,1611,4997.5,1438.0,34
290,NARS-13_000290.JPG,1811,2066,685,1015,1938.5,850.0,28
290,NARS-13_000290.JPG,5146,5397,2540,2776,5271.5,2658.0,20
290,NARS-13_000290.JPG,4716,4980,3150,3414,4848.0,3282.0,54
290,NARS-13_000290.JPG,421,663,2171,2473,542.0,2322.0,39
290,NARS-13_000290.JPG,2201,2506,1459,1773,2353.5,1616.0,35
290,NARS-13_000290.JPG,4543,4867,1528,1802,4705.0,1665.0,56
290,NARS-13_000290.JPG,1292,1547,85,393,1419.5,239.0,46
290,NARS-13_000290.JPG,836,1056,2267,2566,946.0,2416.5,64
290,NARS-13_000290.JPG,4392,4728,324,648,4560.0,486.0,62
290,NARS-13_000290.JPG,5030,5407,50,286,5218.5,168.0,42
290,NARS-13_000290.JPG,673,943,1534,1789,808.0,1661.5,61
290,NARS-13_000290.JPG,3197,3414,1606,1817,3305.5,1711.5,49
290,NARS-13_000290.JPG,1217,1538,1339,1679,1377.5,1509.0,6
290,NARS-13_000290.JPG,1381,1598,1234,1511,1489.5,1372.5,32
290,NARS-13_000290.JPG,5087,5417,2182,2503,5252.0,2342.5,25
290,NARS-13_000290.JPG,1132,1321,516,686,1226.5,601.0,5
291,NARS-13_000291.JPG,4467,4655,2314,2563,4561.0,2438.5,30
291,NARS-13_000291.JPG,546,750,1976,2268,648.0,2122.0,48
291,NARS-13_000291.JPG,1006,1324,2619,2915,1165.0,2767.0,47
291,NARS-13_000291.JPG,2392,2626,2574,2802,2509.0,2688.0,58
291,NARS-13_000291.JPG,2640,2839,92,297,2739.5,194.5,16
291,NARS-13_000291.JPG,1700,1989,1679,1962,1844.5,1820.5,65
291,NARS-13_000291.JPG,635,956,2308,2597,795.5,2452.5,44
291,NARS-13_000291.JPG,5713,6018,2151,2449,5865.5,2300.0,40
291,NARS-13_000291.JPG,1421,1635,1710,2046,1528.0,1878.0,51
291,NARS-13_000291.JPG,4310,4612,2908,3169,4461.0,3038.5,37
291,NARS-13_000291.JPG,1678,1886,2527,2752,1782.0,2639.5,67
291,NARS-13_000291.JPG,692,861,216,491,776.5,353.5,12
291,NARS-13_000291.JPG,2721,3054,2367,2622,2887.5,2494.5,26
291,NARS-13_000291.JPG,2237,2542,1459,1773,2389.5,1616.0,35
291,NARS-13_000291.JPG,1830,2085,660,1015,1957.5,837.5,28
291,NARS-13_000291.JPG,2492,2788,1416,1674,2640.0,1545.0,50
291,NARS-13_000291.JPG,2965,3254,393,641,3109.5,517.0,66
291,NARS-13_000291.JPG,1562,1911,101,466,1736.5,283.5,45
291,NARS-13_000291.JPG,3973,4281,2144,2455,4127.0,2299.5,41
291,NARS-13_000291.JPG,4431,4697,3145,3370,4564.0,3257.5,21
291,NARS-13_000291.JPG,4211,4436,780,1106,4323.5,943.0,60
291,NARS-13_000291.JPG,1997,2330,1673,2006,2163.5,1839.5,63
291,NARS-13_000291.JPG,836,1097,2267,2594,966.5,2430.5,64
291,NARS-13_000291.JPG,4716,4980,3150,3414,4848.0,3282.0,54
291,NARS-13_000291.JPG,4937,5207,2666,2927,5072.0,2796.5,22
291,NARS-13_000291.JPG,421,663,2171,2473,542.0,2322.0,39
291,NARS-13_000291.JPG,3420,3637,2007,2310,3528.5,2158.5,23
291,NARS-13_000291.JPG,2863,3203,120,400,3033.0,260.0,52
291,NARS-13_000291.JPG,3349,3667,1440,1742,3508.0,1591.0,27
291,NARS-13_000291.JPG,3896,4081,3134,3411,3988.5,3272.5,19
291,NARS-13_000291.JPG,666,943,1506,1789,804.5,1647.5,61
291,NARS-13_000291.JPG,5172,5422,2550,2751,5297.0,2650.5,20
291,NARS-13_000291.JPG,5249,5504,1965,2210,5376.5,2087.5,38
291,NARS-13_000291.JPG,4354,4704,0,188,4529.0,94.0,55
291,NARS-13_000291.JPG,1317,1572,66,355,1444.5,210.5,46
291,NARS-13_000291.JPG,5178,5480,3326,3414,5329.0,3370.0,57
291,NARS-13_000291.JPG,4872,5221,1220,1566,5046.5,1393.0,34
291,NARS-13_000291.JPG,4419,4755,330,654,4587.0,492.0,62
291,NARS-13_000291.JPG,5331,5743,1502,1908,5537.0,1705.0,36
291,NARS-13_000291.JPG,5060,5437,50,286,5248.5,168.0,42
291,NARS-13_000291.JPG,3197,3414,1606,1817,3305.5,1711.5,49
291,NARS-13_000291.JPG,4620,4915,1522,1788,4767.5,1655.0,56
291,NARS-13_000291.JPG,1380,1597,1235,1420,1488.5,1327.5,32
291,NARS-13_000291.JPG,4732,5024,929,1256,4878.0,1092.5,29
291,NARS-13_000291.JPG,4516,4857,1168,1505,4686.5,1336.5,31
291,NARS-13_000291.JPG,5162,5509,2235,2521,5335.5,2378.0,24
291,NARS-13_000291.JPG,1330,1651,1380,1679,1490.5,1529.5,6
291,NARS-13_000291.JPG,1168,1357,504,674,1262.5,589.0,14
293,NARS-13_000293.JPG,516,762,1963,2257,639.0,2110.0,48
293,NARS-13_000293.JPG,4467,4655,2317,2566,4561.0,2441.5,30
293,NARS-13_000293.JPG,5681,5991,2159,2477,5836.0,2318.0,40
293,NARS-13_000293.JPG,4305,4581,2919,3194,4443.0,3056.5,37
293,NARS-13_000293.JPG,3918,4245,2122,2431,4081.5,2276.5,41
293,NARS-13_000293.JPG,1413,1641,1699,2038,1527.0,1868.5,51
293,NARS-13_000293.JPG,1543,1857,100,495,1700.0,297.5,45
293,NARS-13_000293.JPG,1024,1350,2628,2915,1187.0,2771.5,47
293,NARS-13_000293.JPG,1628,1855,2497,2768,1741.5,2632.5,67
293,NARS-13_000293.JPG,2378,2616,2574,2805,2497.0,2689.5,58
293,NARS-13_000293.JPG,595,904,2305,2617,749.5,2461.0,44
293,NARS-13_000293.JPG,2625,2841,80,273,2733.0,176.5,16
293,NARS-13_000293.JPG,2441,2792,1437,1673,2616.5,1555.0,50
293,NARS-13_000293.JPG,3848,4036,3122,3400,3942.0,3261.0,19
293,NARS-13_000293.JPG,686,855,219,494,770.5,356.5,12
293,NARS-13_000293.JPG,3380,3618,2055,2230,3499.0,2142.5,23
293,NARS-13_000293.JPG,1658,1962,1661,1970,1810.0,1815.5,65
293,NARS-13_000293.JPG,4789,5174,1228,1578,4981.5,1403.0,34
293,NARS-13_000293.JPG,2712,3050,2377,2620,2881.0,2498.5,26
293,NARS-13_000293.JPG,1911,2237,1676,2030,2074.0,1853.0,63
293,NARS-13_000293.JPG,2232,2542,1461,1774,2387.0,1617.5,35
293,NARS-13_000293.JPG,4927,5170,2662,2938,5048.5,2800.0,22
293,NARS-13_000293.JPG,5297,5675,1550,1950,5486.0,1750.0,36
293,NARS-13_000293.JPG,5187,5471,1962,2200,5329.0,2081.0,38
293,NARS-13_000293.JPG,2913,3218,372,668,3065.5,520.0,66
293,NARS-13_000293.JPG,5118,5443,3304,3418,5280.5,3361.0,57
293,NARS-13_000293.JPG,418,661,2139,2463,539.5,2301.0,39
293,NARS-13_000293.JPG,3333,3610,1438,1744,3471.5,1591.0,27
293,NARS-13_000293.JPG,4430,4685,3144,3361,4557.5,3252.5,21
293,NARS-13_000293.JPG,5147,5385,2537,2762,5266.0,2649.5,20
293,NARS-13_000293.JPG,1823,2071,682,997,1947.0,839.5,28
293,NARS-13_000293.JPG,4705,4993,3122,3418,4849.0,3270.0,54
293,NARS-13_000293.JPG,4200,4444,786,1096,4322.0,941.0,60
293,NARS-13_000293.JPG,4540,4866,1498,1791,4703.0,1644.5,56
293,NARS-13_000293.JPG,4314,4680,1,170,4497.0,85.5,55
293,NARS-13_000293.JPG,2848,3198,106,393,3023.0,249.5,52
293,NARS-13_000293.JPG,657,931,1498,1782,794.0,1640.0,61
293,NARS-13_000293.JPG,1297,1552,89,400,1424.5,244.5,46
293,NARS-13_000293.JPG,4483,4821,1198,1600,4652.0,1399.0,31
293,NARS-13_000293.JPG,4679,4961,926,1247,4820.0,1086.5,29
293,NARS-13_000293.JPG,820,1068,2236,2555,944.0,2395.5,64
293,NARS-13_000293.JPG,5049,5435,47,289,5242.0,168.0,42
293,NARS-13_000293.JPG,4445,4752,337,680,4598.5,508.5,62
293,NARS-13_000293.JPG,1375,1597,1230,1418,1486.0,1324.0,32
293,NARS-13_000293.JPG,3199,3389,1599,1808,3294.0,1703.5,49
293,NARS-13_000293.JPG,5087,5413,2217,2483,5250.0,2350.0,25
293,NARS-13_000293.JPG,1233,1566,1309,1645,1399.5,1477.0,6
293,NARS-13_000293.JPG,1131,1343,494,682,1237.0,588.0,5
293,NARS-13_000293.JPG,4101,4256,2357,2500,4178.5,2428.5,68
293,NARS-13_000293.JPG,4454,4619,627,766,4536.5,696.5,69
299,NARS-13_000299.JPG,4458,4646,2309,2558,4552.0,2433.5,30
299,NARS-13_000299.JPG,5050,5403,3274,3419,5226.5,3346.5,57
299,NARS-13_000299.JPG,4452,4611,621,763,4531.5,692.0,69
299,NARS-13_000299.JPG,4268,4577,2,173,4422.5,87.5,55
299,NARS-13_000299.JPG,4282,4559,2908,3177,4420.5,3042.5,37
299,NARS-13_000299.JPG,4492,4822,1435,1784,4657.0,1609.5,56
299,NARS-13_000299.JPG,998,1303,2607,2894,1150.5,2750.5,47
299,NARS-13_000299.JPG,520,757,1945,2246,638.5,2095.5,48
299,NARS-13_000299.JPG,2425,2783,1440,1688,2604.0,1564.0,50
299,NARS-13_000299.JPG,2378,2627,2576,2802,2502.5,2689.0,58
299,NARS-13_000299.JPG,3843,4021,3094,3377,3932.0,3235.5,19
299,NARS-13_000299.JPG,5145,5448,1952,2196,5296.5,2074.0,38
299,NARS-13_000299.JPG,5668,5957,2156,2478,5812.5,2317.0,40
299,NARS-13_000299.JPG,1629,1867,2479,2755,1748.0,2617.0,67
299,NARS-13_000299.JPG,3892,4188,2112,2421,4040.0,2266.5,41
299,NARS-13_000299.JPG,1395,1619,1674,2009,1507.0,1841.5,51
299,NARS-13_000299.JPG,4138,4287,2345,2493,4212.5,2419.0,68
299,NARS-13_000299.JPG,5282,5648,1547,1933,5465.0,1740.0,36
299,NARS-13_000299.JPG,651,928,1458,1745,789.5,1601.5,61
299,NARS-13_000299.JPG,3354,3635,2050,2238,3494.5,2144.0,23
299,NARS-13_000299.JPG,4157,4441,811,1077,4299.0,944.0,60
299,NARS-13_000299.JPG,4687,4968,3101,3416,4827.5,3258.5,54
299,NARS-13_000299.JPG,2920,3224,374,669,3072.0,521.5,66
299,NARS-13_000299.JPG,2692,3013,2383,2615,2852.5,2499.0,26
299,NARS-13_000299.JPG,4927,5156,2656,2924,5041.5,2790.0,22
299,NARS-13_000299.JPG,2637,2843,63,263,2740.0,163.0,16
299,NARS-13_000299.JPG,1651,1967,1631,1929,1809.0,1780.0,65
299,NARS-13_000299.JPG,1498,1769,90,479,1633.5,284.5,45
299,NARS-13_000299.JPG,418,653,2122,2463,535.5,2292.5,39
299,NARS-13_000299.JPG,2821,3177,106,395,2999.0,250.5,52
299,NARS-13_000299.JPG,5146,5366,2518,2752,5256.0,2635.0,20
299,NARS-13_000299.JPG,1290,1545,118,453,1417.5,285.5,46
299,NARS-13_000299.JPG,4663,4919,955,1257,4791.0,1106.0,29
299,NARS-13_000299.JPG,3323,3601,1444,1733,3462.0,1588.5,27
299,NARS-13_000299.JPG,4430,4685,3144,3361,4557.5,3252.5,21
299,NARS-13_000299.JPG,663,832,222,497,747.5,359.5,12
299,NARS-13_000299.JPG,4810,5188,1245,1586,4999.0,1415.5,34
299,NARS-13_000299.JPG,1818,2056,679,985,1937.0,832.0,28
299,NARS-13_000299.JPG,559,851,2258,2590,705.0,2424.0,44
299,NARS-13_000299.JPG,1865,2191,1673,2021,2028.0,1847.0,63
299,NARS-13_000299.JPG,4446,4753,1204,1537,4599.5,1370.5,31
299,NARS-13_000299.JPG,5025,5413,49,290,5219.0,169.5,42
299,NARS-13_000299.JPG,2183,2495,1448,1756,2339.0,1602.0,35
299,NARS-13_000299.JPG,4423,4739,328,670,4581.0,499.0,62
299,NARS-13_000299.JPG,801,1059,2212,2532,930.0,2372.0,64
299,NARS-13_000299.JPG,5046,5351,2198,2461,5198.5,2329.5,25
299,NARS-13_000299.JPG,1187,1499,1314,1638,1343.0,1476.0,6
299,NARS-13_000299.JPG,1374,1593,1228,1485,1483.5,1356.5,32
299,NARS-13_000299.JPG,3182,3388,1579,1802,3285.0,1690.5,49
299,NARS-13_000299.JPG,1126,1338,501,687,1232.0,594.0,5
306,NARS-13_000306.JPG,1693,1999,1669,1967,1846.0,1818.0,65
306,NARS-13_000306.JPG,4288,4558,2927,3188,4423.0,3057.5,37
306,NARS-13_000306.JPG,5084,5407,3290,3414,5245.5,3352.0,57
306,NARS-13_000306.JPG,991,1309,2619,2915,1150.0,2767.0,47
306,NARS-13_000306.JPG,3925,4233,2153,2464,4079.0,2308.5,41
306,NARS-13_000306.JPG,521,725,1951,2243,623.0,2097.0,48
306,NARS-13_000306.JPG,5713,6018,2151,2449,5865.5,2300.0,40
306,NARS-13_000306.JPG,1399,1613,1688,2024,1506.0,1856.0,51
306,NARS-13_000306.JPG,2370,2612,2572,2801,2491.0,2686.5,58
306,NARS-13_000306.JPG,4150,4439,827,1082,4294.5,954.5,60
306,NARS-13_000306.JPG,4272,4621,0,248,4446.5,124.0,55
306,NARS-13_000306.JPG,2472,2772,1453,1673,2622.0,1563.0,50
306,NARS-13_000306.JPG,5164,5436,1967,2213,5300.0,2090.0,38
306,NARS-13_000306.JPG,5294,5665,1559,1952,5479.5,1755.5,36
306,NARS-13_000306.JPG,3326,3590,1459,1736,3458.0,1597.5,27
306,NARS-13_000306.JPG,666,943,1462,1767,804.5,1614.5,61
306,NARS-13_000306.JPG,1892,2224,1669,2027,2058.0,1848.0,63
306,NARS-13_000306.JPG,1493,1785,157,522,1639.0,339.5,45
306,NARS-13_000306.JPG,4694,4980,3117,3415,4837.0,3266.0,54
306,NARS-13_000306.JPG,1830,2085,695,1003,1957.5,849.0,28
306,NARS-13_000306.JPG,2722,3008,2399,2622,2865.0,2510.5,26
306,NARS-13_000306.JPG,1286,1547,135,443,1416.5,289.0,46
306,NARS-13_000306.JPG,4430,4685,3144,3361,4557.5,3252.5,21
306,NARS-13_000306.JPG,3374,3614,2057,2300,3494.0,2178.5,23
306,NARS-13_000306.JPG,1657,1896,2590,2826,1776.5,2708.0,67
306,NARS-13_000306.JPG,421,663,2171,2473,542.0,2322.0,39
306,NARS-13_000306.JPG,4448,4744,1229,1550,4596.0,1389.5,31
306,NARS-13_000306.JPG,2927,3216,472,777,3071.5,624.5,66
306,NARS-13_000306.JPG,2863,3203,120,400,3033.0,260.0,52
306,NARS-13_000306.JPG,4162,4322,2408,2559,4242.0,2483.5,68
306,NARS-13_000306.JPG,4543,4854,1528,1817,4698.5,1672.5,56
306,NARS-13_000306.JPG,2198,2503,1453,1767,2350.5,1610.0,35
306,NARS-13_000306.JPG,610,817,2279,2512,713.5,2395.5,44
306,NARS-13_000306.JPG,779,1040,2239,2566,909.5,2402.5,64
306,NARS-13_000306.JPG,5045,5422,50,286,5233.5,168.0,42
306,NARS-13_000306.JPG,4731,4998,975,1277,4864.5,1126.0,29
306,NARS-13_000306.JPG,4541,4717,682,861,4629.0,771.5,69
306,NARS-13_000306.JPG,4458,4757,362,686,4607.5,524.0,62
306,NARS-13_000306.JPG,3189,3406,1591,1808,3297.5,1699.5,49
306,NARS-13_000306.JPG,1380,1597,1235,1455,1488.5,1345.0,32
306,NARS-13_000306.JPG,4923,5272,1339,1650,5097.5,1494.5,34
306,NARS-13_000306.JPG,1248,1569,1408,1707,1408.5,1557.5,6
306,NARS-13_000306.JPG,1129,1336,591,786,1232.5,688.5,5
308,NARS-13_000308.JPG,515,754,1964,2247,634.5,2105.5,48
308,NARS-13_000308.JPG,1907,2260,1662,2010,2083.5,1836.0,63
308,NARS-13_000308.JPG,4287,4545,2930,3188,4416.0,3059.0,37
308,NARS-13_000308.JPG,3329,3587,1484,1744,3458.0,1614.0,27
308,NARS-13_000308.JPG,1701,2025,1690,1969,1863.0,1829.5,65
308,NARS-13_000308.JPG,4153,4430,831,1078,4291.5,954.5,60
308,NARS-13_000308.JPG,5097,5400,3320,3420,5248.5,3370.0,57
308,NARS-13_000308.JPG,2369,2598,2578,2802,2483.5,2690.0,58
308,NARS-13_000308.JPG,1001,1309,2657,2925,1155.0,2791.0,47
308,NARS-13_000308.JPG,2471,2778,1456,1656,2624.5,1556.0,50
308,NARS-13_000308.JPG,1395,1591,1693,2016,1493.0,1854.5,51
308,NARS-13_000308.JPG,4454,4741,1258,1577,4597.5,1417.5,31
308,NARS-13_000308.JPG,5706,5965,2196,2498,5835.5,2347.0,40
308,NARS-13_000308.JPG,659,946,1465,1770,802.5,1617.5,61
308,NARS-13_000308.JPG,1514,1795,159,541,1654.5,350.0,45
308,NARS-13_000308.JPG,3359,3590,2054,2297,3474.5,2175.5,23
308,NARS-13_000308.JPG,2741,3001,2409,2608,2871.0,2508.5,26
308,NARS-13_000308.JPG,5292,5681,1570,1951,5486.5,1760.5,36
308,NARS-13_000308.JPG,4284,4636,2,268,4460.0,135.0,55
308,NARS-13_000308.JPG,5182,5439,1982,2211,5310.5,2096.5,38
308,NARS-13_000308.JPG,2986,3295,417,710,3140.5,563.5,66
308,NARS-13_000308.JPG,1289,1540,126,448,1414.5,287.0,46
308,NARS-13_000308.JPG,418,646,2145,2463,532.0,2304.0,39
308,NARS-13_000308.JPG,4707,4976,3133,3419,4841.5,3276.0,54
308,NARS-13_000308.JPG,799,1029,2256,2597,914.0,2426.5,64
308,NARS-13_000308.JPG,1819,2048,703,1002,1933.5,852.5,28
308,NARS-13_000308.JPG,561,835,2343,2548,698.0,2445.5,44
308,NARS-13_000308.JPG,4188,4369,2387,2584,4278.5,2485.5,68
308,NARS-13_000308.JPG,3969,4274,2216,2468,4121.5,2342.0,41
308,NARS-13_000308.JPG,1693,1925,2597,2843,1809.0,2720.0,67
308,NARS-13_000308.JPG,2192,2498,1461,1754,2345.0,1607.5,35
308,NARS-13_000308.JPG,2890,3213,131,435,3051.5,283.0,52
308,NARS-13_000308.JPG,4576,4882,1541,1816,4729.0,1678.5,56
308,NARS-13_000308.JPG,5048,5434,46,278,5241.0,162.0,42
308,NARS-13_000308.JPG,4572,4761,681,878,4666.5,779.5,69
308,NARS-13_000308.JPG,4757,5000,1032,1322,4878.5,1177.0,29
308,NARS-13_000308.JPG,4464,4754,381,709,4609.0,545.0,62
308,NARS-13_000308.JPG,3177,3374,1595,1802,3275.5,1698.5,49
308,NARS-13_000308.JPG,4907,5233,1344,1643,5070.0,1493.5,34
308,NARS-13_000308.JPG,1378,1589,1255,1485,1483.5,1370.0,32
308,NARS-13_000308.JPG,1170,1416,598,797,1293.0,697.5,14
308,NARS-13_000308.JPG,1280,1602,1433,1722,1441.0,1577.5,6
309,NARS-13_000309.JPG,519,759,1971,2247,639.0,2109.0,48
309,NARS-13_000309.JPG,1698,2011,1673,1964,1854.5,1818.5,65
309,NARS-13_000309.JPG,1931,2263,1661,2010,2097.0,1835.5,63
309,NARS-13_000309.JPG,4293,4568,2929,3190,4430.5,3059.5,37
309,NARS-13_000309.JPG,4128,4337,2364,2586,4232.5,2475.0,68
309,NARS-13_000309.JPG,1389,1620,1684,2016,1504.5,1850.0,51
309,NARS-13_000309.JPG,5714,5988,2177,2487,5851.0,2332.0,40
309,NARS-13_000309.JPG,2369,2608,2566,2807,2488.5,2686.5,58
309,NARS-13_000309.JPG,1645,1889,2563,2826,1767.0,2694.5,67
309,NARS-13_000309.JPG,4156,4445,813,1077,4300.5,945.0,60
309,NARS-13_000309.JPG,2961,3276,380,688,3118.5,534.0,66
309,NARS-13_000309.JPG,3325,3595,1473,1736,3460.0,1604.5,27
309,NARS-13_000309.JPG,1525,1817,153,544,1671.0,348.5,45
309,NARS-13_000309.JPG,1002,1323,2664,2932,1162.5,2798.0,47
309,NARS-13_000309.JPG,4502,4718,666,893,4610.0,779.5,69
309,NARS-13_000309.JPG,5124,5423,3313,3420,5273.5,3366.5,57
309,NARS-13_000309.JPG,2753,3016,2392,2617,2884.5,2504.5,26
309,NARS-13_000309.JPG,1291,1555,115,439,1423.0,277.0,46
309,NARS-13_000309.JPG,3371,3622,2055,2282,3496.5,2168.5,23
309,NARS-13_000309.JPG,5287,5690,1554,1944,5488.5,1749.0,36
309,NARS-13_000309.JPG,2478,2788,1440,1640,2633.0,1540.0,50
309,NARS-13_000309.JPG,660,943,1475,1781,801.5,1628.0,61
309,NARS-13_000309.JPG,5183,5451,1979,2216,5317.0,2097.5,38
309,NARS-13_000309.JPG,418,655,2145,2465,536.5,2305.0,39
309,NARS-13_000309.JPG,2211,2534,1447,1749,2372.5,1598.0,35
309,NARS-13_000309.JPG,4464,4762,1231,1576,4613.0,1403.5,31
309,NARS-13_000309.JPG,561,885,2339,2632,723.0,2485.5,44
309,NARS-13_000309.JPG,3963,4285,2137,2456,4124.0,2296.5,41
309,NARS-13_000309.JPG,1825,2063,695,1014,1944.0,854.5,28
309,NARS-13_000309.JPG,791,1035,2246,2600,913.0,2423.0,64
309,NARS-13_000309.JPG,4711,4984,3140,3420,4847.5,3280.0,54
309,NARS-13_000309.JPG,4301,4688,2,268,4494.5,135.0,55
309,NARS-13_000309.JPG,2877,3211,120,422,3044.0,271.0,52
309,NARS-13_000309.JPG,4591,4903,1513,1824,4747.0,1668.5,56
309,NARS-13_000309.JPG,4889,5235,1278,1600,5062.0,1439.0,34
309,NARS-13_000309.JPG,4739,5007,1013,1309,4873.0,1161.0,29
309,NARS-13_000309.JPG,5059,5446,31,276,5252.5,153.5,42
309,NARS-13_000309.JPG,4475,4770,373,705,4622.5,539.0,62
309,NARS-13_000309.JPG,3181,3380,1600,1804,3280.5,1702.0,49
309,NARS-13_000309.JPG,1373,1593,1248,1474,1483.0,1361.0,32
309,NARS-13_000309.JPG,1159,1435,555,766,1297.0,660.5,14
309,NARS-13_000309.JPG,1277,1604,1401,1703,1440.5,1552.0,6
310,NARS-13_000310.JPG,4113,4338,2355,2568,4225.5,2461.5,68
310,NARS-13_000310.JPG,4268,4575,2,203,4421.5,102.5,55
310,NARS-13_000310.JPG,522,747,1980,2252,634.5,2116.0,48
310,NARS-13_000310.JPG,4294,4552,2930,3183,4423.0,3056.5,37
310,NARS-13_000310.JPG,1938,2252,1670,2015,2095.0,1842.5,63
310,NARS-13_000310.JPG,2924,3226,410,713,3075.0,561.5,66
310,NARS-13_000310.JPG,1673,1974,1672,1964,1823.5,1818.0,65
310,NARS-13_000310.JPG,1406,1613,1697,2015,1509.5,1856.0,51
310,NARS-13_000310.JPG,4157,4421,844,1085,4289.0,964.5,60
310,NARS-13_000310.JPG,3324,3585,1480,1736,3454.5,1608.0,27
310,NARS-13_000310.JPG,3931,4256,2158,2459,4093.5,2308.5,41
310,NARS-13_000310.JPG,1623,1871,2565,2832,1747.0,2698.5,67
310,NARS-13_000310.JPG,3344,3606,2064,2275,3475.0,2169.5,23
310,NARS-13_000310.JPG,1008,1318,2673,2921,1163.0,2797.0,47
310,NARS-13_000310.JPG,1523,1808,159,545,1665.5,352.0,45
310,NARS-13_000310.JPG,5701,5974,2198,2499,5837.5,2348.5,40
310,NARS-13_000310.JPG,4479,4733,677,902,4606.0,789.5,69
310,NARS-13_000310.JPG,1298,1546,118,439,1422.0,278.5,46
310,NARS-13_000310.JPG,2760,3018,2407,2601,2889.0,2504.0,26
310,NARS-13_000310.JPG,5292,5684,1573,1944,5488.0,1758.5,36
310,NARS-13_000310.JPG,2360,2579,2574,2809,2469.5,2691.5,58
310,NARS-13_000310.JPG,5195,5441,1980,2204,5318.0,2092.0,38
310,NARS-13_000310.JPG,5127,5417,3332,3420,5272.0,3376.0,57
310,NARS-13_000310.JPG,2484,2779,1442,1628,2631.5,1535.0,50
310,NARS-13_000310.JPG,2859,3192,130,440,3025.5,285.0,52
310,NARS-13_000310.JPG,662,941,1491,1781,801.5,1636.0,61
310,NARS-13_000310.JPG,4452,4749,1252,1547,4600.5,1399.5,31
310,NARS-13_000310.JPG,574,847,2336,2564,710.5,2450.0,44
310,NARS-13_000310.JPG,4711,4977,3143,3420,4844.0,3281.5,54
310,NARS-13_000310.JPG,417,641,2156,2469,529.0,2312.5,39
310,NARS-13_000310.JPG,1819,2045,687,1001,1932.0,844.0,28
310,NARS-13_000310.JPG,2197,2503,1427,1742,2350.0,1584.5,35
310,NARS-13_000310.JPG,4578,4890,1438,1813,4734.0,1625.5,56
310,NARS-13_000310.JPG,799,1063,2401,2709,931.0,2555.0,64
310,NARS-13_000310.JPG,4734,4971,1016,1291,4852.5,1153.5,29
310,NARS-13_000310.JPG,5062,5434,51,281,5248.0,166.0,42
310,NARS-13_000310.JPG,4466,4760,370,700,4613.0,535.0,62
310,NARS-13_000310.JPG,4912,5211,1326,1622,5061.5,1474.0,34
310,NARS-13_000310.JPG,3182,3374,1607,1803,3278.0,1705.0,49
310,NARS-13_000310.JPG,1387,1588,1260,1499,1487.5,1379.5,32
310,NARS-13_000310.JPG,1236,1540,1368,1682,1388.0,1525.0,6
310,NARS-13_000310.JPG,1089,1356,514,748,1222.5,631.0,5
312,NARS-13_000312.JPG,4267,4602,0,188,4434.5,94.0,55
312,NARS-13_000312.JPG,524,763,1979,2247,643.5,2113.0,48
312,NARS-13_000312.JPG,1671,1989,1664,1967,1830.0,1815.5,65
312,NARS-13_000312.JPG,1611,1884,2522,2816,1747.5,2669.0,67
312,NARS-13_000312.JPG,4100,4359,2308,2572,4229.5,2440.0,68
312,NARS-13_000312.JPG,1412,1624,1702,2021,1518.0,1861.5,51
312,NARS-13_000312.JPG,4441,4748,639,902,4594.5,770.5,69
312,NARS-13_000312.JPG,4303,4566,2935,3193,4434.5,3064.0,37
312,NARS-13_000312.JPG,1548,1853,138,527,1700.5,332.5,45
312,NARS-13_000312.JPG,4162,4435,834,1080,4298.5,957.0,60
312,NARS-13_000312.JPG,3365,3622,2049,2265,3493.5,2157.0,23
312,NARS-13_000312.JPG,762,1048,2321,2640,905.0,2480.5,64
312,NARS-13_000312.JPG,5193,5447,1958,2201,5320.0,2079.5,38
312,NARS-13_000312.JPG,1299,1566,116,435,1432.5,275.5,46
312,NARS-13_000312.JPG,5705,5989,2199,2499,5847.0,2349.0,40
312,NARS-13_000312.JPG,3339,3603,1477,1723,3471.0,1600.0,27
312,NARS-13_000312.JPG,1012,1345,2680,2926,1178.5,2803.0,47
312,NARS-13_000312.JPG,2354,2587,2563,2808,2470.5,2685.5,58
312,NARS-13_000312.JPG,3924,4250,2203,2460,4087.0,2331.5,41
312,NARS-13_000312.JPG,4471,4755,1259,1564,4613.0,1411.5,31
312,NARS-13_000312.JPG,2479,2774,1431,1631,2626.5,1531.0,50
312,NARS-13_000312.JPG,659,942,1479,1784,800.5,1631.5,61
312,NARS-13_000312.JPG,2936,3261,361,651,3098.5,506.0,66
312,NARS-13_000312.JPG,1826,2070,693,1025,1948.0,859.0,28
312,NARS-13_000312.JPG,2216,2526,1446,1747,2371.0,1596.5,35
312,NARS-13_000312.JPG,413,650,2139,2472,531.5,2305.5,39
312,NARS-13_000312.JPG,2849,3198,113,412,3023.5,262.5,52
312,NARS-13_000312.JPG,2773,3035,2402,2614,2904.0,2508.0,26
312,NARS-13_000312.JPG,5305,5702,1587,1940,5503.5,1763.5,36
312,NARS-13_000312.JPG,5158,5428,3330,3417,5293.0,3373.5,57
312,NARS-13_000312.JPG,4718,4993,3137,3418,4855.5,3277.5,54
312,NARS-13_000312.JPG,546,871,2294,2550,708.5,2422.0,44
312,NARS-13_000312.JPG,4883,5173,1296,1596,5028.0,1446.0,34
312,NARS-13_000312.JPG,4729,4961,1010,1284,4845.0,1147.0,29
312,NARS-13_000312.JPG,4597,4902,1498,1808,4749.5,1653.0,56
312,NARS-13_000312.JPG,4471,4770,347,687,4620.5,517.0,62
312,NARS-13_000312.JPG,2028,2363,1685,2038,2195.5,1861.5,63
312,NARS-13_000312.JPG,5072,5433,43,280,5252.5,161.5,42
312,NARS-13_000312.JPG,3177,3361,1601,1804,3269.0,1702.5,49
312,NARS-13_000312.JPG,1375,1588,1259,1464,1481.5,1361.5,32
312,NARS-13_000312.JPG,1259,1585,1393,1700,1422.0,1546.5,6
312,NARS-13_000312.JPG,1122,1462,491,761,1292.0,626.0,14
312,NARS-13_000312.JPG,4359,4503,1355,1470,4431.0,1412.5,70
315,NARS-13_000315.JPG,4349,4501,1352,1469,4425.0,1410.5,70
315,NARS-13_000315.JPG,4270,4598,1,203,4434.0,102.0,55
315,NARS-13_000315.JPG,1622,1900,2531,2826,1761.0,2678.5,67
315,NARS-13_000315.JPG,1673,1998,1654,1954,1835.5,1804.0,65
315,NARS-13_000315.JPG,520,754,1978,2255,637.0,2116.5,48
315,NARS-13_000315.JPG,796,1070,2325,2650,933.0,2487.5,64
315,NARS-13_000315.JPG,1409,1629,1700,2024,1519.0,1862.0,51
315,NARS-13_000315.JPG,4300,4563,2933,3188,4431.5,3060.5,37
315,NARS-13_000315.JPG,3920,4247,2154,2458,4083.5,2306.0,41
315,NARS-13_000315.JPG,1008,1330,2657,2918,1169.0,2787.5,47
315,NARS-13_000315.JPG,4158,4432,836,1085,4295.0,960.5,60
315,NARS-13_000315.JPG,4466,4732,1290,1562,4599.0,1426.0,31
315,NARS-13_000315.JPG,1296,1568,125,454,1432.0,289.5,46
315,NARS-13_000315.JPG,3369,3604,2054,2264,3486.5,2159.0,23
315,NARS-13_000315.JPG,2362,2600,2565,2806,2481.0,2685.5,58
315,NARS-13_000315.JPG,4107,4378,2276,2565,4242.5,2420.5,68
315,NARS-13_000315.JPG,1948,2307,1672,2030,2127.5,1851.0,63
315,NARS-13_000315.JPG,661,935,1467,1772,798.0,1619.5,61
315,NARS-13_000315.JPG,1509,1776,136,534,1642.5,335.0,45
315,NARS-13_000315.JPG,585,874,2282,2611,729.5,2446.5,44
315,NARS-13_000315.JPG,2477,2774,1448,1640,2625.5,1544.0,50
315,NARS-13_000315.JPG,2936,3262,360,665,3099.0,512.5,66
315,NARS-13_000315.JPG,4483,4781,644,917,4632.0,780.5,69
315,NARS-13_000315.JPG,5186,5449,1966,2210,5317.5,2088.0,38
315,NARS-13_000315.JPG,3334,3596,1470,1717,3465.0,1593.5,27
315,NARS-13_000315.JPG,5713,5984,2208,2505,5848.5,2356.5,40
315,NARS-13_000315.JPG,5146,5414,3329,3417,5280.0,3373.0,57
315,NARS-13_000315.JPG,5298,5691,1596,1944,5494.5,1770.0,36
315,NARS-13_000315.JPG,1819,2075,700,1015,1947.0,857.5,28
315,NARS-13_000315.JPG,414,652,2144,2473,533.0,2308.5,39
315,NARS-13_000315.JPG,2777,3032,2404,2612,2904.5,2508.0,26
315,NARS-13_000315.JPG,2860,3197,112,410,3028.5,261.0,52
315,NARS-13_000315.JPG,4712,4993,3143,3419,4852.5,3281.0,54
315,NARS-13_000315.JPG,2198,2512,1459,1753,2355.0,1606.0,35
315,NARS-13_000315.JPG,4568,4885,1512,1804,4726.5,1658.0,56
315,NARS-13_000315.JPG,4720,4967,1018,1272,4843.5,1145.0,29
315,NARS-13_000315.JPG,4460,4769,349,676,4614.5,512.5,62
315,NARS-13_000315.JPG,5076,5424,44,290,5250.0,167.0,42
315,NARS-13_000315.JPG,4921,5200,1310,1591,5060.5,1450.5,34
315,NARS-13_000315.JPG,3183,3385,1603,1809,3284.0,1706.0,49
315,NARS-13_000315.JPG,1380,1591,1257,1505,1485.5,1381.0,32
315,NARS-13_000315.JPG,1244,1563,1363,1683,1403.5,1523.0,6
315,NARS-13_000315.JPG,1083,1415,471,769,1249.0,620.0,5
315,NARS-13_000315.JPG,3576,3714,2156,2308,3645.0,2232.0,71
315,NARS-13_000315.JPG,404,590,1949,2091,497.0,2020.0,72
316,NARS-13_000316.JPG,1682,2007,1651,1962,1844.5,1806.5,65
316,NARS-13_000316.JPG,398,607,1957,2089,502.5,2023.0,72
316,NARS-13_000316.JPG,3567,3726,2158,2320,3646.5,2239.0,71
316,NARS-13_000316.JPG,521,760,1975,2250,640.5,2112.5,48
316,NARS-13_000316.JPG,4355,4505,1337,1466,4430.0,1401.5,70
316,NARS-13_000316.JPG,4260,4593,4,211,4426.5,107.5,55
316,NARS-13_000316.JPG,4301,4565,2923,3190,4433.0,3056.5,37
316,NARS-13_000316.JPG,1603,1897,2531,2825,1750.0,2678.0,67
316,NARS-13_000316.JPG,1409,1624,1692,2024,1516.5,1858.0,51
316,NARS-13_000316.JPG,3929,4248,2140,2448,4088.5,2294.0,41
316,NARS-13_000316.JPG,1015,1326,2649,2914,1170.5,2781.5,47
316,NARS-13_000316.JPG,4474,4733,1275,1596,4603.5,1435.5,31
316,NARS-13_000316.JPG,4159,4437,821,1076,4298.0,948.5,60
316,NARS-13_000316.JPG,2364,2613,2561,2800,2488.5,2680.5,58
316,NARS-13_000316.JPG,1509,1790,136,533,1649.5,334.5,45
316,NARS-13_000316.JPG,659,940,1467,1765,799.5,1616.0,61
316,NARS-13_000316.JPG,4473,4782,644,918,4627.5,781.0,69
316,NARS-13_000316.JPG,4086,4364,2269,2561,4225.0,2415.0,68
316,NARS-13_000316.JPG,3370,3606,2053,2268,3488.0,2160.5,23
316,NARS-13_000316.JPG,2472,2777,1453,1643,2624.5,1548.0,50
316,NARS-13_000316.JPG,1294,1561,120,450,1427.5,285.0,46
316,NARS-13_000316.JPG,759,1070,2344,2660,914.5,2502.0,64
316,NARS-13_000316.JPG,5183,5450,1963,2209,5316.5,2086.0,38
316,NARS-13_000316.JPG,2920,3249,356,660,3084.5,508.0,66
316,NARS-13_000316.JPG,5717,5990,2206,2500,5853.5,2353.0,40
316,NARS-13_000316.JPG,2835,3188,108,405,3011.5,256.5,52
316,NARS-13_000316.JPG,5290,5688,1597,1939,5489.0,1768.0,36
316,NARS-13_000316.JPG,1966,2326,1665,2029,2146.0,1847.0,63
316,NARS-13_000316.JPG,3338,3607,1465,1720,3472.5,1592.5,27
316,NARS-13_000316.JPG,415,659,2155,2463,537.0,2309.0,39
316,NARS-13_000316.JPG,4702,4991,3137,3417,4846.5,3277.0,54
316,NARS-13_000316.JPG,5162,5415,3325,3416,5288.5,3370.5,57
316,NARS-13_000316.JPG,2776,3033,2409,2607,2904.5,2508.0,26
316,NARS-13_000316.JPG,1804,2082,682,1008,1943.0,845.0,28
316,NARS-13_000316.JPG,2196,2505,1448,1753,2350.5,1600.5,35
316,NARS-13_000316.JPG,4566,4887,1499,1805,4726.5,1652.0,56
316,NARS-13_000316.JPG,554,852,2292,2536,703.0,2414.0,44
316,NARS-13_000316.JPG,4719,4964,1019,1269,4841.5,1144.0,29
316,NARS-13_000316.JPG,4450,4769,347,682,4609.5,514.5,62
316,NARS-13_000316.JPG,4902,5185,1296,1581,5043.5,1438.5,34
316,NARS-13_000316.JPG,5070,5416,48,293,5243.0,170.5,42
316,NARS-13_000316.JPG,3175,3389,1592,1816,3282.0,1704.0,49
316,NARS-13_000316.JPG,1381,1598,1256,1445,1489.5,1350.5,32
316,NARS-13_000316.JPG,1249,1575,1367,1685,1412.0,1526.0,6
316,NARS-13_000316.JPG,1090,1422,476,768,1256.0,622.0,5
317,NARS-13_000317.JPG,3574,3726,2158,2314,3650.0,2236.0,71
317,NARS-13_000317.JPG,1671,2005,1654,1964,1838.0,1809.0,65
317,NARS-13_000317.JPG,395,611,1946,2087,503.0,2016.5,72
317,NARS-13_000317.JPG,4344,4502,1341,1469,4423.0,1405.0,70
317,NARS-13_000317.JPG,517,764,1968,2257,640.5,2112.5,48
317,NARS-13_000317.JPG,3909,4238,2137,2450,4073.5,2293.5,41
317,NARS-13_000317.JPG,4261,4593,0,216,4427.0,108.0,55
317,NARS-13_000317.JPG,4293,4563,2926,3191,4428.0,3058.5,37
317,NARS-13_000317.JPG,4450,4769,631,919,4609.5,775.0,69
317,NARS-13_000317.JPG,4465,4730,1278,1602,4597.5,1440.0,31
317,NARS-13_000317.JPG,1600,1887,2522,2827,1743.5,2674.5,67
317,NARS-13_000317.JPG,1404,1625,1689,2028,1514.5,1858.5,51
317,NARS-13_000317.JPG,1004,1325,2640,2919,1164.5,2779.5,47
317,NARS-13_000317.JPG,4152,4436,821,1073,4294.0,947.0,60
317,NARS-13_000317.JPG,655,944,1455,1767,799.5,1611.0,61
317,NARS-13_000317.JPG,2366,2611,2556,2806,2488.5,2681.0,58
317,NARS-13_000317.JPG,775,1055,2316,2656,915.0,2486.0,64
317,NARS-13_000317.JPG,1293,1571,117,463,1432.0,290.0,46
317,NARS-13_000317.JPG,585,888,2272,2616,736.5,2444.0,44
317,NARS-13_000317.JPG,1501,1786,126,526,1643.5,326.0,45
317,NARS-13_000317.JPG,2474,2778,1448,1650,2626.0,1549.0,50
317,NARS-13_000317.JPG,5285,5681,1588,1940,5483.0,1764.0,36
317,NARS-13_000317.JPG,4071,4348,2258,2561,4209.5,2409.5,68
317,NARS-13_000317.JPG,5706,5983,2203,2505,5844.5,2354.0,40
317,NARS-13_000317.JPG,5130,5421,3318,3420,5275.5,3369.0,57
317,NARS-13_000317.JPG,2903,3235,357,663,3069.0,510.0,66
317,NARS-13_000317.JPG,3373,3616,2062,2269,3494.5,2165.5,23
317,NARS-13_000317.JPG,1963,2323,1665,2031,2143.0,1848.0,63
317,NARS-13_000317.JPG,5183,5457,1973,2210,5320.0,2091.5,38
317,NARS-13_000317.JPG,2835,3192,107,406,3013.5,256.5,52
317,NARS-13_000317.JPG,415,663,2146,2467,539.0,2306.5,39
317,NARS-13_000317.JPG,1819,2081,686,1015,1950.0,850.5,28
317,NARS-13_000317.JPG,2775,3032,2397,2606,2903.5,2501.5,26
317,NARS-13_000317.JPG,4706,4990,3126,3419,4848.0,3272.5,54
317,NARS-13_000317.JPG,2201,2531,1452,1757,2366.0,1604.5,35
317,NARS-13_000317.JPG,3343,3607,1457,1713,3475.0,1585.0,27
317,NARS-13_000317.JPG,4563,4892,1456,1803,4727.5,1629.5,56
317,NARS-13_000317.JPG,4722,4947,1003,1260,4834.5,1131.5,29
317,NARS-13_000317.JPG,4441,4769,338,688,4605.0,513.0,62
317,NARS-13_000317.JPG,5056,5418,43,292,5237.0,167.5,42
317,NARS-13_000317.JPG,4911,5186,1288,1580,5048.5,1434.0,34
317,NARS-13_000317.JPG,1375,1597,1251,1430,1486.0,1340.5,32
317,NARS-13_000317.JPG,3177,3379,1595,1807,3278.0,1701.0,49
317,NARS-13_000317.JPG,1237,1564,1354,1681,1400.5,1517.5,6
317,NARS-13_000317.JPG,1073,1435,462,773,1254.0,617.5,5
321,NARS-13_000321.JPG,4347,4506,1337,1473,4426.5,1405.0,70
321,NARS-13_000321.JPG,2384,2644,2574,2815,2514.0,2694.5,58
321,NARS-13_000321.JPG,3581,3728,2160,2323,3654.5,2241.5,71
321,NARS-13_000321.JPG,4291,4554,2921,3191,4422.5,3056.0,37
321,NARS-13_000321.JPG,513,749,1977,2250,631.0,2113.5,48
321,NARS-13_000321.JPG,4151,4424,803,1066,4287.5,934.5,60
321,NARS-13_000321.JPG,4416,4753,624,914,4584.5,769.0,69
321,NARS-13_000321.JPG,381,575,1961,2100,478.0,2030.5,72
321,NARS-13_000321.JPG,1598,1896,2543,2843,1747.0,2693.0,67
321,NARS-13_000321.JPG,1003,1330,2658,2913,1166.5,2785.5,47
321,NARS-13_000321.JPG,642,911,1450,1754,776.5,1602.0,61
321,NARS-13_000321.JPG,5123,5400,3322,3417,5261.5,3369.5,57
321,NARS-13_000321.JPG,1388,1609,1676,2024,1498.5,1850.0,51
321,NARS-13_000321.JPG,1950,2321,1653,2031,2135.5,1842.0,63
321,NARS-13_000321.JPG,3349,3591,1494,1726,3470.0,1610.0,27
321,NARS-13_000321.JPG,4451,4748,1278,1566,4599.5,1422.0,31
321,NARS-13_000321.JPG,4255,4539,2,200,4397.0,101.0,55
321,NARS-13_000321.JPG,3915,4235,2186,2463,4075.0,2324.5,41
321,NARS-13_000321.JPG,2477,2784,1460,1659,2630.5,1559.5,50
321,NARS-13_000321.JPG,1653,1960,1626,1956,1806.5,1791.0,65
321,NARS-13_000321.JPG,3382,3605,2056,2269,3493.5,2162.5,23
321,NARS-13_000321.JPG,5280,5685,1595,1951,5482.5,1773.0,36
321,NARS-13_000321.JPG,2903,3242,360,652,3072.5,506.0,66
321,NARS-13_000321.JPG,4699,4981,3124,3417,4840.0,3270.5,54
321,NARS-13_000321.JPG,5179,5447,1970,2220,5313.0,2095.0,38
321,NARS-13_000321.JPG,1283,1543,130,457,1413.0,293.5,46
321,NARS-13_000321.JPG,4100,4378,2231,2561,4239.0,2396.0,68
321,NARS-13_000321.JPG,2838,3188,103,400,3013.0,251.5,52
321,NARS-13_000321.JPG,5716,5969,2223,2501,5842.5,2362.0,40
321,NARS-13_000321.JPG,781,1014,2338,2668,897.5,2503.0,64
321,NARS-13_000321.JPG,412,645,2161,2458,528.5,2309.5,39
321,NARS-13_000321.JPG,4706,4935,1021,1269,4820.5,1145.0,29
321,NARS-13_000321.JPG,1827,2060,696,1059,1943.5,877.5,28
321,NARS-13_000321.JPG,4537,4878,1522,1808,4707.5,1665.0,56
321,NARS-13_000321.JPG,2773,3030,2423,2614,2901.5,2518.5,26
321,NARS-13_000321.JPG,2200,2518,1457,1771,2359.0,1614.0,35
321,NARS-13_000321.JPG,1482,1739,134,531,1610.5,332.5,45
321,NARS-13_000321.JPG,4421,4767,341,684,4594.0,512.5,62
321,NARS-13_000321.JPG,5020,5404,38,287,5212.0,162.5,42
321,NARS-13_000321.JPG,4916,5192,1283,1608,5054.0,1445.5,34
321,NARS-13_000321.JPG,545,801,2272,2512,673.0,2392.0,44
321,NARS-13_000321.JPG,3174,3382,1597,1808,3278.0,1702.5,49
321,NARS-13_000321.JPG,1214,1544,1395,1710,1379.0,1552.5,6
321,NARS-13_000321.JPG,1367,1594,1250,1507,1480.5,1378.5,32
321,NARS-13_000321.JPG,1044,1389,503,813,1216.5,658.0,5
328,NARS-13_000328.JPG,670,875,2262,2620,772.5,2441.0,44
328,NARS-13_000328.JPG,4443,4681,1320,1570,4562.0,1445.0,31
328,NARS-13_000328.JPG,5007,5244,78,336,5125.5,207.0,42
328,NARS-13_000328.JPG,3360,3606,1525,1765,3483.0,1645.0,27
328,NARS-13_000328.JPG,4118,4345,821,1069,4231.5,945.0,60
328,NARS-13_000328.JPG,341,563,1953,2113,452.0,2033.0,72
328,NARS-13_000328.JPG,2288,2570,1431,1690,2429.0,1560.5,35
328,NARS-13_000328.JPG,4309,4509,1379,1526,4409.0,1452.5,70
328,NARS-13_000328.JPG,5248,5566,1655,1947,5407.0,1801.0,36
328,NARS-13_000328.JPG,951,1240,584,911,1095.5,747.5,5
328,NARS-13_000328.JPG,4008,4237,2140,2346,4122.5,2243.0,41
328,NARS-13_000328.JPG,447,716,2040,2251,581.5,2145.5,48
328,NARS-13_000328.JPG,422,702,2221,2455,562.0,2338.0,39
328,NARS-13_000328.JPG,4610,4887,3155,3417,4748.5,3286.0,54
328,NARS-13_000328.JPG,3189,3395,1644,1895,3292.0,1769.5,49
328,NARS-13_000328.JPG,3535,3720,2214,2423,3627.5,2318.5,71
328,NARS-13_000328.JPG,2865,3226,133,330,3045.5,231.5,52
328,NARS-13_000328.JPG,1364,1582,1751,2085,1473.0,1918.0,51
328,NARS-13_000328.JPG,4614,4833,1097,1346,4723.5,1221.5,29
328,NARS-13_000328.JPG,1049,1305,1442,1751,1177.0,1596.5,6
328,NARS-13_000328.JPG,4551,4819,567,870,4685.0,718.5,69
328,NARS-13_000328.JPG,4838,5087,1371,1639,4962.5,1505.0,34
328,NARS-13_000328.JPG,1005,1305,2737,2989,1155.0,2863.0,47
328,NARS-13_000328.JPG,1241,1476,177,496,1358.5,336.5,46
328,NARS-13_000328.JPG,2515,2789,1373,1582,2652.0,1477.5,50
328,NARS-13_000328.JPG,5410,5625,2462,2678,5517.5,2570.0,4
328,NARS-13_000328.JPG,2425,2690,2682,2919,2557.5,2800.5,58
328,NARS-13_000328.JPG,1624,1888,1751,2051,1756.0,1901.0,65
328,NARS-13_000328.JPG,4214,4412,4,266,4313.0,135.0,55
328,NARS-13_000328.JPG,2792,3037,400,725,2914.5,562.5,66
328,NARS-13_000328.JPG,505,744,1400,1688,624.5,1544.0,61
328,NARS-13_000328.JPG,1394,1632,243,579,1513.0,411.0,45
328,NARS-13_000328.JPG,1529,1787,2722,2950,1658.0,2836.0,67
328,NARS-13_000328.JPG,4425,4728,1698,1944,4576.5,1821.0,56
328,NARS-13_000328.JPG,5491,5624,1837,1987,5557.5,1912.0,38
328,NARS-13_000328.JPG,3782,4075,2260,2473,3928.5,2366.5,68
328,NARS-13_000328.JPG,1837,2176,2005,2243,2006.5,2124.0,63
328,NARS-13_000328.JPG,502,757,2283,2599,629.5,2441.0,64
328,NARS-13_000328.JPG,2609,2787,2735,2933,2698.0,2834.0,26
328,NARS-13_000328.JPG,4299,4629,760,1034,4464.0,897.0,62
329,NARS-13_000329.JPG,639,882,2217,2643,760.5,2430.0,44
329,NARS-13_000329.JPG,4436,4694,1312,1595,4565.0,1453.5,31
329,NARS-13_000329.JPG,5017,5251,70,328,5134.0,199.0,42
329,NARS-13_000329.JPG,338,560,1953,2113,449.0,2033.0,72
329,NARS-13_000329.JPG,4305,4512,1372,1535,4408.5,1453.5,70
329,NARS-13_000329.JPG,3354,3623,1521,1774,3488.5,1647.5,27
329,NARS-13_000329.JPG,4106,4338,823,1083,4222.0,953.0,60
329,NARS-13_000329.JPG,2284,2617,1420,1682,2450.5,1551.0,35
329,NARS-13_000329.JPG,5335,5606,1689,1954,5470.5,1821.5,36
329,NARS-13_000329.JPG,4620,4909,3165,3418,4764.5,3291.5,54
329,NARS-13_000329.JPG,4009,4249,2140,2345,4129.0,2242.5,41
329,NARS-13_000329.JPG,3525,3729,2220,2440,3627.0,2330.0,71
329,NARS-13_000329.JPG,436,713,2040,2256,574.5,2148.0,48
329,NARS-13_000329.JPG,957,1275,594,925,1116.0,759.5,5
329,NARS-13_000329.JPG,2855,3226,122,320,3040.5,221.0,52
329,NARS-13_000329.JPG,4554,4841,595,907,4697.5,751.0,69
329,NARS-13_000329.JPG,4600,4856,1107,1339,4728.0,1223.0,29
329,NARS-13_000329.JPG,965,1314,2700,2994,1139.5,2847.0,47
329,NARS-13_000329.JPG,422,665,2241,2463,543.5,2352.0,39
329,NARS-13_000329.JPG,1348,1589,1758,2097,1468.5,1927.5,51
329,NARS-13_000329.JPG,3158,3388,1648,1899,3273.0,1773.5,49
329,NARS-13_000329.JPG,4863,5110,1380,1644,4986.5,1512.0,34
329,NARS-13_000329.JPG,1243,1470,178,499,1356.5,338.5,46
329,NARS-13_000329.JPG,1040,1319,1462,1783,1179.5,1622.5,6
329,NARS-13_000329.JPG,1615,1885,1740,2051,1750.0,1895.5,65
329,NARS-13_000329.JPG,4196,4426,0,280,4311.0,140.0,55
329,NARS-13_000329.JPG,2428,2699,2694,2930,2563.5,2812.0,58
329,NARS-13_000329.JPG,5456,5692,2501,2717,5574.0,2609.0,4
329,NARS-13_000329.JPG,2533,2791,1330,1541,2662.0,1435.5,50
329,NARS-13_000329.JPG,2783,3032,396,732,2907.5,564.0,66
329,NARS-13_000329.JPG,491,731,1406,1702,611.0,1554.0,61
329,NARS-13_000329.JPG,1495,1768,2701,2952,1631.5,2826.5,67
329,NARS-13_000329.JPG,1373,1631,299,626,1502.0,462.5,45
329,NARS-13_000329.JPG,3816,4137,2275,2525,3976.5,2400.0,68
329,NARS-13_000329.JPG,4412,4723,1714,1963,4567.5,1838.5,56
329,NARS-13_000329.JPG,5491,5624,1837,1987,5557.5,1912.0,38
329,NARS-13_000329.JPG,499,754,2280,2596,626.5,2438.0,64
329,NARS-13_000329.JPG,1872,2240,2029,2272,2056.0,2150.5,63
329,NARS-13_000329.JPG,2615,2809,2765,2964,2712.0,2864.5,26
329,NARS-13_000329.JPG,4294,4614,809,1080,4454.0,944.5,62
330,NARS-13_000330.JPG,4457,4688,1320,1619,4572.5,1469.5,31
330,NARS-13_000330.JPG,5016,5235,84,339,5125.5,211.5,42
330,NARS-13_000330.JPG,4313,4510,1362,1543,4411.5,1452.5,70
330,NARS-13_000330.JPG,3352,3616,1545,1775,3484.0,1660.0,27
330,NARS-13_000330.JPG,4115,4336,824,1094,4225.5,959.0,60
330,NARS-13_000330.JPG,328,548,1967,2123,438.0,2045.0,72
330,NARS-13_000330.JPG,600,876,2231,2593,738.0,2412.0,44
330,NARS-13_000330.JPG,2309,2594,1426,1682,2451.5,1554.0,35
330,NARS-13_000330.JPG,4633,4918,3183,3419,4775.5,3301.0,54
330,NARS-13_000330.JPG,4000,4244,2144,2342,4122.0,2243.0,41
330,NARS-13_000330.JPG,4553,4826,599,905,4689.5,752.0,69
330,NARS-13_000330.JPG,443,716,2053,2255,579.5,2154.0,48
330,NARS-13_000330.JPG,2863,3221,140,336,3042.0,238.0,52
330,NARS-13_000330.JPG,3531,3724,2245,2447,3627.5,2346.0,71
330,NARS-13_000330.JPG,416,679,2233,2464,547.5,2348.5,39
330,NARS-13_000330.JPG,4611,4868,1113,1341,4739.5,1227.0,29
330,NARS-13_000330.JPG,3174,3376,1653,1903,3275.0,1778.0,49
330,NARS-13_000330.JPG,5358,5623,1696,1991,5490.5,1843.5,36
330,NARS-13_000330.JPG,971,1314,2720,2993,1142.5,2856.5,47
330,NARS-13_000330.JPG,1246,1482,189,492,1364.0,340.5,46
330,NARS-13_000330.JPG,980,1291,584,913,1135.5,748.5,5
330,NARS-13_000330.JPG,1054,1325,1475,1776,1189.5,1625.5,6
330,NARS-13_000330.JPG,1357,1566,1774,2100,1461.5,1937.0,51
330,NARS-13_000330.JPG,1621,1886,1740,2058,1753.5,1899.0,65
330,NARS-13_000330.JPG,4202,4425,2,271,4313.5,136.5,55
330,NARS-13_000330.JPG,4902,5150,1384,1661,5026.0,1522.5,34
330,NARS-13_000330.JPG,2434,2692,2698,2932,2563.0,2815.0,58
330,NARS-13_000330.JPG,2543,2787,1336,1540,2665.0,1438.0,50
330,NARS-13_000330.JPG,5476,5690,2507,2735,5583.0,2621.0,4
330,NARS-13_000330.JPG,2792,3032,416,742,2912.0,579.0,66
330,NARS-13_000330.JPG,1505,1769,2706,2951,1637.0,2828.5,67
330,NARS-13_000330.JPG,505,724,1410,1713,614.5,1561.5,61
330,NARS-13_000330.JPG,3834,4144,2299,2540,3989.0,2419.5,68
330,NARS-13_000330.JPG,1386,1627,298,624,1506.5,461.0,45
330,NARS-13_000330.JPG,4422,4730,1726,1965,4576.0,1845.5,56
330,NARS-13_000330.JPG,533,770,2285,2645,651.5,2465.0,64
330,NARS-13_000330.JPG,5491,5627,1846,1999,5559.0,1922.5,38
330,NARS-13_000330.JPG,1887,2257,2036,2273,2072.0,2154.5,63
330,NARS-13_000330.JPG,2644,2819,2772,2968,2731.5,2870.0,26
330,NARS-13_000330.JPG,4302,4635,839,1098,4468.5,968.5,62
340,NARS-13_000340.JPG,4478,4705,1346,1589,4591.5,1467.5,31
340,NARS-13_000340.JPG,4136,4373,871,1104,4254.5,987.5,60
340,NARS-13_000340.JPG,1641,1932,1596,2023,1786.5,1809.5,65
340,NARS-13_000340.JPG,5349,5581,1701,1914,5465.0,1807.5,36
340,NARS-13_000340.JPG,335,572,1989,2175,453.5,2082.0,72
340,NARS-13_000340.JPG,4300,4518,1401,1564,4409.0,1482.5,70
340,NARS-13_000340.JPG,588,811,2298,2617,699.5,2457.5,44
340,NARS-13_000340.JPG,4640,4928,3204,3421,4784.0,3312.5,54
340,NARS-13_000340.JPG,2204,2510,1519,1793,2357.0,1656.0,35
340,NARS-13_000340.JPG,2396,2664,2654,2906,2530.0,2780.0,58
340,NARS-13_000340.JPG,3170,3391,1705,1917,3280.5,1811.0,49
340,NARS-13_000340.JPG,1268,1522,248,511,1395.0,379.5,46
340,NARS-13_000340.JPG,966,1293,604,914,1129.5,759.0,5
340,NARS-13_000340.JPG,4208,4470,1,289,4339.0,145.0,55
340,NARS-13_000340.JPG,4308,4644,397,758,4476.0,577.5,62
340,NARS-13_000340.JPG,2757,3122,228,528,2939.5,378.0,52
340,NARS-13_000340.JPG,3397,3671,2146,2334,3534.0,2240.0,71
340,NARS-13_000340.JPG,3870,4162,2267,2507,4016.0,2387.0,41
340,NARS-13_000340.JPG,1510,1782,2613,2920,1646.0,2766.5,67
340,NARS-13_000340.JPG,1077,1396,1490,1799,1236.5,1644.5,6
340,NARS-13_000340.JPG,2842,3127,476,789,2984.5,632.5,66
340,NARS-13_000340.JPG,4426,4746,1589,1898,4586.0,1743.5,56
340,NARS-13_000340.JPG,538,784,1482,1771,661.0,1626.5,61
340,NARS-13_000340.JPG,706,886,2422,2709,796.0,2565.5,64
340,NARS-13_000340.JPG,4330,4672,725,1007,4501.0,866.0,69
340,NARS-13_000340.JPG,3965,4091,2542,2674,4028.0,2608.0,68
340,NARS-13_000340.JPG,5464,5647,1880,2086,5555.5,1983.0,38
340,NARS-13_000340.JPG,1794,2112,1941,2226,1953.0,2083.5,63
340,NARS-13_000340.JPG,2578,2809,2808,3044,2693.5,2926.0,26
343,NARS-13_000343.JPG,1071,1383,1319,1752,1227.0,1535.5,6
343,NARS-13_000343.JPG,4469,4708,1352,1584,4588.5,1468.0,31
343,NARS-13_000343.JPG,1663,1963,1687,2005,1813.0,1846.0,65
343,NARS-13_000343.JPG,4139,4371,880,1108,4255.0,994.0,60
343,NARS-13_000343.JPG,4295,4521,1412,1570,4408.0,1491.0,70
343,NARS-13_000343.JPG,344,583,2002,2196,463.5,2099.0,72
343,NARS-13_000343.JPG,954,1262,556,884,1108.0,720.0,5
343,NARS-13_000343.JPG,4642,4930,3210,3420,4786.0,3315.0,54
343,NARS-13_000343.JPG,2397,2666,2651,2900,2531.5,2775.5,58
343,NARS-13_000343.JPG,3176,3392,1710,1918,3284.0,1814.0,49
343,NARS-13_000343.JPG,4214,4461,-1,252,4337.5,125.5,55
343,NARS-13_000343.JPG,1268,1522,248,511,1395.0,379.5,46
343,NARS-13_000343.JPG,1512,1779,2572,2895,1645.5,2733.5,67
343,NARS-13_000343.JPG,2754,3107,219,503,2930.5,361.0,52
343,NARS-13_000343.JPG,3400,3674,2140,2336,3537.0,2238.0,71
343,NARS-13_000343.JPG,2831,3127,449,784,2979.0,616.5,66
343,NARS-13_000343.JPG,4296,4640,412,748,4468.0,580.0,62
343,NARS-13_000343.JPG,713,897,2420,2709,805.0,2564.5,44
343,NARS-13_000343.JPG,4414,4756,1591,1898,4585.0,1744.5,56
343,NARS-13_000343.JPG,3902,4137,2266,2602,4019.5,2434.0,68
343,NARS-13_000343.JPG,4316,4655,705,986,4485.5,845.5,69
343,NARS-13_000343.JPG,535,781,1345,1635,658.0,1490.0,61
343,NARS-13_000343.JPG,5461,5644,1857,2080,5552.5,1968.5,36
343,NARS-13_000343.JPG,1818,2128,1928,2227,1973.0,2077.5,63
343,NARS-13_000343.JPG,3913,4052,2559,2700,3982.5,2629.5,41
343,NARS-13_000343.JPG,2522,2788,2779,3013,2655.0,2896.0,26
350,NARS-13_000350.JPG,1069,1404,1388,1725,1236.5,1556.5,6
350,NARS-13_000350.JPG,4144,4382,863,1099,4263.0,981.0,60
350,NARS-13_000350.JPG,1651,1962,1692,2008,1806.5,1850.0,65
350,NARS-13_000350.JPG,340,586,1964,2193,463.0,2078.5,72
350,NARS-13_000350.JPG,2407,2597,2593,2885,2502.0,2739.0,58
350,NARS-13_000350.JPG,4318,4526,1422,1570,4422.0,1496.0,70
350,NARS-13_000350.JPG,4218,4502,1,239,4360.0,120.0,55
350,NARS-13_000350.JPG,2780,3141,207,487,2960.5,347.0,52
350,NARS-13_000350.JPG,4647,4924,3206,3416,4785.5,3311.0,54
350,NARS-13_000350.JPG,2864,3162,451,776,3013.0,613.5,66
350,NARS-13_000350.JPG,3407,3683,2147,2334,3545.0,2240.5,71
350,NARS-13_000350.JPG,3182,3406,1701,1923,3294.0,1812.0,49
350,NARS-13_000350.JPG,4294,4651,387,750,4472.5,568.5,62
350,NARS-13_000350.JPG,1268,1522,248,511,1395.0,379.5,46
350,NARS-13_000350.JPG,959,1266,505,848,1112.5,676.5,5
350,NARS-13_000350.JPG,4452,4778,1580,1889,4615.0,1734.5,56
350,NARS-13_000350.JPG,524,790,1467,1771,657.0,1619.0,61
350,NARS-13_000350.JPG,4325,4662,690,973,4493.5,831.5,69
350,NARS-13_000350.JPG,1469,1724,2563,2893,1596.5,2728.0,67
350,NARS-13_000350.JPG,723,978,2435,2770,850.5,2602.5,64
350,NARS-13_000350.JPG,3870,4147,2262,2588,4008.5,2425.0,41
350,NARS-13_000350.JPG,1793,2094,1877,2198,1943.5,2037.5,63
350,NARS-13_000350.JPG,5408,5623,1857,2085,5515.5,1971.0,36
350,NARS-13_000350.JPG,3896,4049,2537,2694,3972.5,2615.5,68
350,NARS-13_000350.JPG,2479,2774,2905,3110,2626.5,3007.5,73
351,NARS-13_000351.JPG,2524,2794,2895,3124,2659.0,3009.5,73
351,NARS-13_000351.JPG,1657,1962,1698,2016,1809.5,1857.0,65
351,NARS-13_000351.JPG,4156,4379,868,1107,4267.5,987.5,60
351,NARS-13_000351.JPG,2407,2597,2593,2885,2502.0,2739.0,58
351,NARS-13_000351.JPG,1075,1396,1421,1732,1235.5,1576.5,6
351,NARS-13_000351.JPG,355,594,1981,2207,474.5,2094.0,72
351,NARS-13_000351.JPG,4351,4530,1418,1581,4440.5,1499.5,70
351,NARS-13_000351.JPG,4228,4489,3,251,4358.5,127.0,55
351,NARS-13_000351.JPG,4662,4939,3206,3416,4800.5,3311.0,54
351,NARS-13_000351.JPG,2806,3146,211,491,2976.0,351.0,52
351,NARS-13_000351.JPG,3407,3683,2147,2334,3545.0,2240.5,71
351,NARS-13_000351.JPG,3182,3406,1701,1923,3294.0,1812.0,49
351,NARS-13_000351.JPG,4307,4653,396,726,4480.0,561.0,62
351,NARS-13_000351.JPG,965,1273,550,871,1119.0,710.5,5
351,NARS-13_000351.JPG,1268,1522,248,511,1395.0,379.5,46
351,NARS-13_000351.JPG,2867,3156,485,790,3011.5,637.5,66
351,NARS-13_000351.JPG,1490,1748,2578,2905,1619.0,2741.5,67
351,NARS-13_000351.JPG,4351,4678,717,975,4514.5,846.0,69
351,NARS-13_000351.JPG,4464,4775,1603,1892,4619.5,1747.5,56
351,NARS-13_000351.JPG,541,792,1471,1776,666.5,1623.5,61
351,NARS-13_000351.JPG,3873,4159,2259,2594,4016.0,2426.5,68
351,NARS-13_000351.JPG,722,983,2446,2773,852.5,2609.5,64
351,NARS-13_000351.JPG,1830,2113,1911,2216,1971.5,2063.5,63
351,NARS-13_000351.JPG,5445,5643,1864,2097,5544.0,1980.5,36
351,NARS-13_000351.JPG,3914,4074,2562,2713,3994.0,2637.5,41
352,NARS-13_000352.JPG,2524,2794,2895,3124,2659.0,3009.5,73
352,NARS-13_000352.JPG,1666,1971,1698,2016,1818.5,1857.0,65
352,NARS-13_000352.JPG,4156,4379,868,1107,4267.5,987.5,60
352,NARS-13_000352.JPG,2407,2597,2593,2885,2502.0,2739.0,58
352,NARS-13_000352.JPG,355,594,1981,2207,474.5,2094.0,72
352,NARS-13_000352.JPG,4351,4530,1418,1581,4440.5,1499.5,70
352,NARS-13_000352.JPG,1072,1393,1439,1750,1232.5,1594.5,6
352,NARS-13_000352.JPG,4228,4489,3,251,4358.5,127.0,55
352,NARS-13_000352.JPG,4662,4939,3206,3416,4800.5,3311.0,54
352,NARS-13_000352.JPG,2785,3125,211,491,2955.0,351.0,52
352,NARS-13_000352.JPG,4307,4653,396,726,4480.0,561.0,62
352,NARS-13_000352.JPG,3390,3679,2131,2332,3534.5,2231.5,71
352,NARS-13_000352.JPG,3182,3406,1711,1933,3294.0,1822.0,49
352,NARS-13_000352.JPG,1268,1522,248,511,1395.0,379.5,46
352,NARS-13_000352.JPG,1502,1760,2566,2893,1631.0,2729.5,67
352,NARS-13_000352.JPG,965,1289,538,871,1127.0,704.5,5
352,NARS-13_000352.JPG,3900,4174,2249,2582,4037.0,2415.5,68
352,NARS-13_000352.JPG,4351,4678,717,975,4514.5,846.0,69
352,NARS-13_000352.JPG,2843,3132,494,799,2987.5,646.5,66
352,NARS-13_000352.JPG,4464,4775,1603,1892,4619.5,1747.5,56
352,NARS-13_000352.JPG,541,792,1471,1776,666.5,1623.5,61
352,NARS-13_000352.JPG,722,983,2446,2773,852.5,2609.5,64
352,NARS-13_000352.JPG,1818,2101,1905,2210,1959.5,2057.5,63
352,NARS-13_000352.JPG,5445,5643,1864,2097,5544.0,1980.5,36
352,NARS-13_000352.JPG,3911,4071,2568,2719,3991.0,2643.5,41
353,NARS-13_000353.JPG,2496,2815,2885,3119,2655.5,3002.0,73
353,NARS-13_000353.JPG,1657,1972,1695,2017,1814.5,1856.0,65
353,NARS-13_000353.JPG,4151,4383,873,1103,4267.0,988.0,60
353,NARS-13_000353.JPG,2397,2602,2606,2868,2499.5,2737.0,58
353,NARS-13_000353.JPG,4233,4511,0,229,4372.0,114.5,55
353,NARS-13_000353.JPG,346,591,1989,2214,468.5,2101.5,72
353,NARS-13_000353.JPG,4329,4534,1423,1573,4431.5,1498.0,70
353,NARS-13_000353.JPG,1087,1426,1426,1756,1256.5,1591.0,6
353,NARS-13_000353.JPG,2794,3155,207,482,2974.5,344.5,52
353,NARS-13_000353.JPG,4398,4753,693,988,4575.5,840.5,69
353,NARS-13_000353.JPG,3405,3671,2131,2353,3538.0,2242.0,71
353,NARS-13_000353.JPG,4322,4680,404,739,4501.0,571.5,62
353,NARS-13_000353.JPG,2875,3186,472,784,3030.5,628.0,66
353,NARS-13_000353.JPG,4656,4946,3211,3418,4801.0,3314.5,54
353,NARS-13_000353.JPG,1505,1779,2554,2888,1642.0,2721.0,67
353,NARS-13_000353.JPG,3177,3394,1722,1921,3285.5,1821.5,49
353,NARS-13_000353.JPG,1268,1522,248,511,1395.0,379.5,46
353,NARS-13_000353.JPG,974,1294,536,865,1134.0,700.5,5
353,NARS-13_000353.JPG,4471,4804,1585,1901,4637.5,1743.0,56
353,NARS-13_000353.JPG,3893,4170,2272,2597,4031.5,2434.5,68
353,NARS-13_000353.JPG,527,796,1476,1784,661.5,1630.0,61
353,NARS-13_000353.JPG,732,965,2436,2763,848.5,2599.5,64
353,NARS-13_000353.JPG,1813,2127,1911,2215,1970.0,2063.0,63
353,NARS-13_000353.JPG,5450,5657,1864,2103,5553.5,1983.5,36
353,NARS-13_000353.JPG,3906,4067,2566,2737,3986.5,2651.5,41
359,NARS-13_000359.JPG,933,1240,573,900,1086.5,736.5,5
359,NARS-13_000359.JPG,1066,1378,1420,1751,1222.0,1585.5,6
359,NARS-13_000359.JPG,4326,4532,1428,1591,4429.0,1509.5,70
359,NARS-13_000359.JPG,4146,4378,911,1107,4262.0,1009.0,60
359,NARS-13_000359.JPG,2783,3147,202,481,2965.0,341.5,52
359,NARS-13_000359.JPG,1650,1950,1734,2043,1800.0,1888.5,65
359,NARS-13_000359.JPG,3474,3729,2184,2471,3601.5,2327.5,71
359,NARS-13_000359.JPG,4666,4944,3219,3416,4805.0,3317.5,54
359,NARS-13_000359.JPG,4361,4716,416,779,4538.5,597.5,62
359,NARS-13_000359.JPG,4410,4765,721,1011,4587.5,866.0,69
359,NARS-13_000359.JPG,1268,1522,248,511,1395.0,379.5,46
359,NARS-13_000359.JPG,2838,3124,467,781,2981.0,624.0,66
359,NARS-13_000359.JPG,2451,2731,2799,3078,2591.0,2938.5,73
359,NARS-13_000359.JPG,4194,4457,0,233,4325.5,116.5,55
359,NARS-13_000359.JPG,4498,4839,1590,1904,4668.5,1747.0,56
359,NARS-13_000359.JPG,3883,4161,2270,2577,4022.0,2423.5,68
359,NARS-13_000359.JPG,334,552,2022,2309,443.0,2165.5,72
359,NARS-13_000359.JPG,579,875,1553,1839,727.0,1696.0,61
359,NARS-13_000359.JPG,5272,5582,1816,2117,5427.0,1966.5,38
359,NARS-13_000359.JPG,1454,1717,2632,2946,1585.5,2789.0,67
359,NARS-13_000359.JPG,714,947,2465,2792,830.5,2628.5,64
359,NARS-13_000359.JPG,1807,2124,1874,2217,1965.5,2045.5,63
359,NARS-13_000359.JPG,4350,4490,2722,2886,4420.0,2804.0,37
359,NARS-13_000359.JPG,3739,3995,2499,2770,3867.0,2634.5,41
359,NARS-13_000359.JPG,5235,5453,610,826,5344.0,718.0,33
360,NARS-13_000360.JPG,924,1226,589,916,1075.0,752.5,5
360,NARS-13_000360.JPG,2454,2772,2811,3099,2613.0,2955.0,73
360,NARS-13_000360.JPG,4337,4579,1422,1588,4458.0,1505.0,70
360,NARS-13_000360.JPG,1054,1353,1422,1759,1203.5,1590.5,6
360,NARS-13_000360.JPG,2777,3141,213,496,2959.0,354.5,52
360,NARS-13_000360.JPG,4139,4379,926,1123,4259.0,1024.5,60
360,NARS-13_000360.JPG,4352,4709,418,761,4530.5,589.5,62
360,NARS-13_000360.JPG,4430,4781,725,1004,4605.5,864.5,69
360,NARS-13_000360.JPG,4666,4932,3241,3415,4799.0,3328.0,54
360,NARS-13_000360.JPG,4209,4466,4,260,4337.5,132.0,55
360,NARS-13_000360.JPG,1268,1522,248,511,1395.0,379.5,46
360,NARS-13_000360.JPG,1646,1964,1763,2067,1805.0,1915.0,65
360,NARS-13_000360.JPG,320,551,2009,2297,435.5,2153.0,72
360,NARS-13_000360.JPG,3902,4151,2275,2586,4026.5,2430.5,68
360,NARS-13_000360.JPG,4489,4839,1602,1914,4664.0,1758.0,56
360,NARS-13_000360.JPG,594,876,1574,1846,735.0,1710.0,61
360,NARS-13_000360.JPG,5254,5562,1816,2118,5408.0,1967.0,38
360,NARS-13_000360.JPG,1477,1739,2642,2959,1608.0,2800.5,67
360,NARS-13_000360.JPG,2829,3110,515,838,2969.5,676.5,66
360,NARS-13_000360.JPG,3510,3770,2282,2525,3640.0,2403.5,71
360,NARS-13_000360.JPG,729,958,2493,2801,843.5,2647.0,64
360,NARS-13_000360.JPG,1814,2108,1897,2220,1961.0,2058.5,63
360,NARS-13_000360.JPG,4266,4434,2742,2936,4350.0,2839.0,37
360,NARS-13_000360.JPG,3746,4003,2511,2802,3874.5,2656.5,41
360,NARS-13_000360.JPG,5241,5480,594,838,5360.5,716.0,33
366,NARS-13_000366.JPG,1552,1838,2511,2875,1695.0,2693.0,67
366,NARS-13_000366.JPG,2890,3201,391,707,3045.5,549.0,66
366,NARS-13_000366.JPG,1889,2240,1732,2134,2064.5,1933.0,63
366,NARS-13_000366.JPG,311,568,1872,2242,439.5,2057.0,72
366,NARS-13_000366.JPG,2830,3185,182,424,3007.5,303.0,52
366,NARS-13_000366.JPG,4310,4595,1394,1581,4452.5,1487.5,70
366,NARS-13_000366.JPG,4164,4397,909,1086,4280.5,997.5,60
366,NARS-13_000366.JPG,4218,4520,2,200,4369.0,101.0,55
366,NARS-13_000366.JPG,746,1067,2380,2731,906.5,2555.5,64
366,NARS-13_000366.JPG,4666,4938,3207,3419,4802.0,3313.0,54
366,NARS-13_000366.JPG,1667,1995,1742,2056,1831.0,1899.0,65
366,NARS-13_000366.JPG,3492,3837,2143,2457,3664.5,2300.0,71
366,NARS-13_000366.JPG,4504,4831,1559,1891,4667.5,1725.0,56
366,NARS-13_000366.JPG,1268,1522,248,511,1395.0,379.5,46
366,NARS-13_000366.JPG,3888,4166,2247,2550,4027.0,2398.5,41
366,NARS-13_000366.JPG,574,866,1522,1823,720.0,1672.5,61
366,NARS-13_000366.JPG,4465,4786,380,733,4625.5,556.5,62
366,NARS-13_000366.JPG,1153,1511,1413,1747,1332.0,1580.0,6
366,NARS-13_000366.JPG,4558,4878,678,969,4718.0,823.5,69
366,NARS-13_000366.JPG,2554,2899,2726,3049,2726.5,2887.5,73
366,NARS-13_000366.JPG,1023,1376,489,821,1199.5,655.0,5
366,NARS-13_000366.JPG,3786,4071,2431,2775,3928.5,2603.0,68
366,NARS-13_000366.JPG,5377,5742,1825,2233,5559.5,2029.0,38
366,NARS-13_000366.JPG,4287,4554,2630,2887,4420.5,2758.5,37
366,NARS-13_000366.JPG,5254,5613,453,803,5433.5,628.0,42
366,NARS-13_000366.JPG,7,222,367,580,114.5,473.5,74
366,NARS-13_000366.JPG,1000,1152,1255,1378,1076.0,1316.5,75
371,NARS-13_000371.JPG,991,1166,1245,1375,1078.5,1310.0,75
371,NARS-13_000371.JPG,2877,3185,408,731,3031.0,569.5,66
371,NARS-13_000371.JPG,6,229,376,600,117.5,488.0,74
371,NARS-13_000371.JPG,1540,1832,2532,2875,1686.0,2703.5,67
371,NARS-13_000371.JPG,4305,4596,1371,1576,4450.5,1473.5,70
371,NARS-13_000371.JPG,4161,4400,891,1073,4280.5,982.0,60
371,NARS-13_000371.JPG,321,555,1874,2238,438.0,2056.0,72
371,NARS-13_000371.JPG,2820,3190,166,416,3005.0,291.0,52
371,NARS-13_000371.JPG,1850,2220,1712,2108,2035.0,1910.0,63
371,NARS-13_000371.JPG,743,1051,2366,2719,897.0,2542.5,64
371,NARS-13_000371.JPG,4216,4530,1,202,4373.0,101.5,55
371,NARS-13_000371.JPG,1641,1952,1695,2041,1796.5,1868.0,65
371,NARS-13_000371.JPG,4660,4946,3190,3416,4803.0,3303.0,54
371,NARS-13_000371.JPG,4462,4816,1553,1870,4639.0,1711.5,56
371,NARS-13_000371.JPG,3493,3839,2139,2450,3666.0,2294.5,71
371,NARS-13_000371.JPG,576,862,1501,1799,719.0,1650.0,61
371,NARS-13_000371.JPG,4447,4781,363,730,4614.0,546.5,62
371,NARS-13_000371.JPG,1145,1491,1413,1749,1318.0,1581.0,6
371,NARS-13_000371.JPG,2540,2878,2741,3066,2709.0,2903.5,73
371,NARS-13_000371.JPG,4538,4878,678,963,4708.0,820.5,69
371,NARS-13_000371.JPG,4285,4567,2224,2519,4426.0,2371.5,30
371,NARS-13_000371.JPG,1014,1380,498,838,1197.0,668.0,5
371,NARS-13_000371.JPG,5348,5736,1819,2140,5542.0,1979.5,36
371,NARS-13_000371.JPG,3756,4054,2418,2768,3905.0,2593.0,68
371,NARS-13_000371.JPG,4264,4550,2615,2893,4407.0,2754.0,37
371,NARS-13_000371.JPG,5256,5610,450,809,5433.0,629.5,42
376,NARS-13_000376.JPG,985,1159,1246,1383,1072.0,1314.5,75
376,NARS-13_000376.JPG,4151,4386,894,1074,4268.5,984.0,60
376,NARS-13_000376.JPG,4277,4548,1379,1592,4412.5,1485.5,70
376,NARS-13_000376.JPG,1,138,328,565,69.5,446.5,74
376,NARS-13_000376.JPG,4651,4938,3205,3420,4794.5,3312.5,54
376,NARS-13_000376.JPG,294,502,1899,2252,398.0,2075.5,72
376,NARS-13_000376.JPG,3395,3668,2102,2450,3531.5,2276.0,71
376,NARS-13_000376.JPG,842,1080,530,870,961.0,700.0,5
376,NARS-13_000376.JPG,1600,1863,1627,2012,1731.5,1819.5,65
376,NARS-13_000376.JPG,4425,4749,1568,1880,4587.0,1724.0,56
376,NARS-13_000376.JPG,2721,3041,181,444,2881.0,312.5,52
376,NARS-13_000376.JPG,4174,4440,0,174,4307.0,87.0,55
376,NARS-13_000376.JPG,636,851,2415,2721,743.5,2568.0,44
376,NARS-13_000376.JPG,4244,4576,332,664,4410.0,498.0,62
376,NARS-13_000376.JPG,5149,5491,1612,2003,5320.0,1807.5,36
376,NARS-13_000376.JPG,1790,2087,1751,2139,1938.5,1945.0,63
376,NARS-13_000376.JPG,504,737,1461,1779,620.5,1620.0,61
376,NARS-13_000376.JPG,997,1254,1454,1789,1125.5,1621.5,6
376,NARS-13_000376.JPG,2368,2637,2675,3023,2502.5,2849.0,58
376,NARS-13_000376.JPG,2776,3028,454,799,2902.0,626.5,66
376,NARS-13_000376.JPG,1406,1649,2438,2794,1527.5,2616.0,67
376,NARS-13_000376.JPG,4172,4502,2224,2525,4337.0,2374.5,30
376,NARS-13_000376.JPG,4209,4521,570,867,4365.0,718.5,69
376,NARS-13_000376.JPG,4122,4387,2574,2860,4254.5,2717.0,68
376,NARS-13_000376.JPG,3666,3928,2379,2712,3797.0,2545.5,41
376,NARS-13_000376.JPG,5130,5393,413,742,5261.5,577.5,42
377,NARS-13_000377.JPG,986,1154,1242,1378,1070.0,1310.0,75
377,NARS-13_000377.JPG,4272,4558,1386,1582,4415.0,1484.0,70
377,NARS-13_000377.JPG,4143,4387,894,1078,4265.0,986.0,60
377,NARS-13_000377.JPG,1,129,314,560,65.0,437.0,74
377,NARS-13_000377.JPG,315,504,1881,2244,409.5,2062.5,72
377,NARS-13_000377.JPG,4661,4939,3203,3415,4800.0,3309.0,54
377,NARS-13_000377.JPG,3410,3661,2112,2447,3535.5,2279.5,71
377,NARS-13_000377.JPG,2731,3074,169,425,2902.5,297.0,52
377,NARS-13_000377.JPG,884,1160,478,828,1022.0,653.0,5
377,NARS-13_000377.JPG,1612,1866,1690,2005,1739.0,1847.5,65
377,NARS-13_000377.JPG,1025,1301,1383,1722,1163.0,1552.5,6
377,NARS-13_000377.JPG,4433,4761,1569,1876,4597.0,1722.5,56
377,NARS-13_000377.JPG,4192,4455,1,169,4323.5,85.0,55
377,NARS-13_000377.JPG,5174,5528,1642,2039,5351.0,1840.5,36
377,NARS-13_000377.JPG,4255,4589,328,662,4422.0,495.0,62
377,NARS-13_000377.JPG,646,832,2418,2723,739.0,2570.5,44
377,NARS-13_000377.JPG,1797,2102,1754,2154,1949.5,1954.0,63
377,NARS-13_000377.JPG,2773,3023,428,752,2898.0,590.0,66
377,NARS-13_000377.JPG,505,731,1501,1802,618.0,1651.5,61
377,NARS-13_000377.JPG,2360,2626,2679,3039,2493.0,2859.0,58
377,NARS-13_000377.JPG,1410,1646,2466,2826,1528.0,2646.0,67
377,NARS-13_000377.JPG,4120,4460,2224,2530,4290.0,2377.0,68
377,NARS-13_000377.JPG,4187,4494,578,883,4340.5,730.5,69
377,NARS-13_000377.JPG,3633,3911,2376,2697,3772.0,2536.5,41
377,NARS-13_000377.JPG,4125,4394,2559,2860,4259.5,2709.5,37
377,NARS-13_000377.JPG,5123,5416,407,755,5269.5,581.0,42
383,NARS-13_000383.JPG,956,1163,1223,1364,1059.5,1293.5,75
383,NARS-13_000383.JPG,1,129,308,554,65.0,431.0,74
383,NARS-13_000383.JPG,607,827,2314,2641,717.0,2477.5,44
383,NARS-13_000383.JPG,4601,4936,3180,3415,4768.5,3297.5,54
383,NARS-13_000383.JPG,1754,1999,1717,2085,1876.5,1901.0,65
383,NARS-13_000383.JPG,4225,4451,1366,1583,4338.0,1474.5,70
383,NARS-13_000383.JPG,267,490,1867,2181,378.5,2024.0,72
383,NARS-13_000383.JPG,3901,4130,2301,2593,4015.5,2447.0,68
383,NARS-13_000383.JPG,2239,2673,1525,1905,2456.0,1715.0,35
383,NARS-13_000383.JPG,3358,3591,2107,2425,3474.5,2266.0,71
383,NARS-13_000383.JPG,487,738,1427,1732,612.5,1579.5,61
383,NARS-13_000383.JPG,2276,2493,2597,2952,2384.5,2774.5,58
383,NARS-13_000383.JPG,4126,4388,0,136,4257.0,68.0,55
383,NARS-13_000383.JPG,799,997,487,820,898.0,653.5,5
383,NARS-13_000383.JPG,1584,1813,1669,1987,1698.5,1828.0,51
383,NARS-13_000383.JPG,4365,4609,1570,1860,4487.0,1715.0,56
383,NARS-13_000383.JPG,5118,5398,1709,2027,5258.0,1868.0,38
383,NARS-13_000383.JPG,2722,2967,453,758,2844.5,605.5,66
383,NARS-13_000383.JPG,934,1167,1383,1694,1050.5,1538.5,6
383,NARS-13_000383.JPG,1383,1600,2436,2763,1491.5,2599.5,67
383,NARS-13_000383.JPG,4125,4471,308,638,4298.0,473.0,62
383,NARS-13_000383.JPG,4106,4357,616,792,4231.5,704.0,60
383,NARS-13_000383.JPG,3625,3861,2386,2656,3743.0,2521.0,41
383,NARS-13_000383.JPG,5036,5300,446,792,5168.0,619.0,42
383,NARS-13_000383.JPG,4037,4270,2578,2811,4153.5,2694.5,37
389,NARS-13_000389.JPG,961,1139,1205,1353,1050.0,1279.0,75
389,NARS-13_000389.JPG,4240,4491,1357,1561,4365.5,1459.0,70
389,NARS-13_000389.JPG,3959,4181,2252,2589,4070.0,2420.5,68
389,NARS-13_000389.JPG,262,497,1873,2230,379.5,2051.5,72
389,NARS-13_000389.JPG,609,807,2359,2661,708.0,2510.0,44
389,NARS-13_000389.JPG,4403,4675,1534,1781,4539.0,1657.5,56
389,NARS-13_000389.JPG,1581,1830,1685,2004,1705.5,1844.5,65
389,NARS-13_000389.JPG,3348,3604,2129,2434,3476.0,2281.5,71
389,NARS-13_000389.JPG,461,744,1428,1728,602.5,1578.0,61
389,NARS-13_000389.JPG,1783,2034,1723,2095,1908.5,1909.0,63
389,NARS-13_000389.JPG,2249,2500,2603,2954,2374.5,2778.5,58
389,NARS-13_000389.JPG,781,1015,502,819,898.0,660.5,5
389,NARS-13_000389.JPG,947,1237,1306,1628,1092.0,1467.0,6
389,NARS-13_000389.JPG,2716,2976,427,722,2846.0,574.5,66
389,NARS-13_000389.JPG,5138,5388,1636,1944,5263.0,1790.0,36
389,NARS-13_000389.JPG,4197,4502,298,596,4349.5,447.0,62
389,NARS-13_000389.JPG,1369,1616,2409,2759,1492.5,2584.0,67
389,NARS-13_000389.JPG,4186,4471,551,825,4328.5,688.0,69
389,NARS-13_000389.JPG,3638,3917,2284,2551,3777.5,2417.5,41
389,NARS-13_000389.JPG,5052,5310,458,785,5181.0,621.5,42
389,NARS-13_000389.JPG,4041,4281,2517,2793,4161.0,2655.0,30
391,NARS-13_000391.JPG,953,1140,1203,1348,1046.5,1275.5,75
391,NARS-13_000391.JPG,4247,4503,1365,1572,4375.0,1468.5,70
391,NARS-13_000391.JPG,4024,4267,2255,2606,4145.5,2430.5,68
391,NARS-13_000391.JPG,591,817,2301,2605,704.0,2453.0,44
391,NARS-13_000391.JPG,-2,104,248,539,51.0,393.5,74
391,NARS-13_000391.JPG,4433,4711,1563,1798,4572.0,1680.5,56
391,NARS-13_000391.JPG,262,504,1834,2194,383.0,2014.0,72
391,NARS-13_000391.JPG,3362,3624,2115,2428,3493.0,2271.5,71
391,NARS-13_000391.JPG,4266,4620,301,604,4443.0,452.5,62
391,NARS-13_000391.JPG,1580,1834,1673,2005,1707.0,1839.0,65
391,NARS-13_000391.JPG,2280,2570,2607,2947,2425.0,2777.0,58
391,NARS-13_000391.JPG,1798,2053,1713,2103,1925.5,1908.0,63
391,NARS-13_000391.JPG,2748,3030,412,715,2889.0,563.5,66
391,NARS-13_000391.JPG,4323,4640,541,816,4481.5,678.5,69
391,NARS-13_000391.JPG,5147,5439,1655,1983,5293.0,1819.0,36
391,NARS-13_000391.JPG,818,1069,431,755,943.5,593.0,5
391,NARS-13_000391.JPG,947,1230,1303,1640,1088.5,1471.5,6
391,NARS-13_000391.JPG,464,735,1345,1664,599.5,1504.5,61
391,NARS-13_000391.JPG,1403,1646,2432,2793,1524.5,2612.5,67
391,NARS-13_000391.JPG,3737,4073,2303,2583,3905.0,2443.0,41
391,NARS-13_000391.JPG,5075,5336,439,787,5205.5,613.0,42
391,NARS-13_000391.JPG,4100,4354,2547,2832,4227.0,2689.5,37
396,NARS-13_000396.JPG,967,1149,1215,1343,1058.0,1279.0,75
396,NARS-13_000396.JPG,4006,4272,2273,2616,4139.0,2444.5,68
396,NARS-13_000396.JPG,4255,4478,1375,1559,4366.5,1467.0,70
396,NARS-13_000396.JPG,1,99,257,529,50.0,393.0,74
396,NARS-13_000396.JPG,262,519,1850,2222,390.5,2036.0,72
396,NARS-13_000396.JPG,622,822,2371,2644,722.0,2507.5,44
396,NARS-13_000396.JPG,4450,4714,1568,1790,4582.0,1679.0,56
396,NARS-13_000396.JPG,3378,3648,2111,2417,3513.0,2264.0,71
396,NARS-13_000396.JPG,4308,4651,295,615,4479.5,455.0,62
396,NARS-13_000396.JPG,1591,1847,1677,2004,1719.0,1840.5,65
396,NARS-13_000396.JPG,3786,4162,2291,2570,3974.0,2430.5,41
396,NARS-13_000396.JPG,2299,2562,2631,2965,2430.5,2798.0,58
396,NARS-13_000396.JPG,2761,3039,414,681,2900.0,547.5,66
396,NARS-13_000396.JPG,1805,2057,1722,2103,1931.0,1912.5,63
396,NARS-13_000396.JPG,956,1250,1322,1639,1103.0,1480.5,6
396,NARS-13_000396.JPG,1412,1668,2448,2798,1540.0,2623.0,67
396,NARS-13_000396.JPG,5162,5425,1648,1972,5293.5,1810.0,36
396,NARS-13_000396.JPG,832,1097,423,758,964.5,590.5,5
396,NARS-13_000396.JPG,4309,4612,534,797,4460.5,665.5,69
396,NARS-13_000396.JPG,465,730,1341,1654,597.5,1497.5,61
396,NARS-13_000396.JPG,5090,5346,438,781,5218.0,609.5,42
396,NARS-13_000396.JPG,4111,4363,2554,2828,4237.0,2691.0,37
402,NARS-13_000402.JPG,973,1145,1211,1349,1059.0,1280.0,75
402,NARS-13_000402.JPG,3999,4242,2264,2603,4120.5,2433.5,68
402,NARS-13_000402.JPG,4257,4514,1355,1558,4385.5,1456.5,70
402,NARS-13_000402.JPG,3389,3693,2142,2446,3541.0,2294.0,71
402,NARS-13_000402.JPG,4457,4717,1563,1786,4587.0,1674.5,56
402,NARS-13_000402.JPG,616,810,2372,2625,713.0,2498.5,44
402,NARS-13_000402.JPG,274,500,1817,2164,387.0,1990.5,72
402,NARS-13_000402.JPG,4309,4608,290,604,4458.5,447.0,62
402,NARS-13_000402.JPG,1592,1836,1660,1999,1714.0,1829.5,65
402,NARS-13_000402.JPG,1,92,197,489,46.5,343.0,74
402,NARS-13_000402.JPG,3794,4128,2282,2558,3961.0,2420.0,41
402,NARS-13_000402.JPG,2282,2543,2609,2967,2412.5,2788.0,58
402,NARS-13_000402.JPG,1802,2046,1718,2094,1924.0,1906.0,63
402,NARS-13_000402.JPG,5159,5429,1605,1953,5294.0,1779.0,36
402,NARS-13_000402.JPG,464,724,1395,1711,594.0,1553.0,61
402,NARS-13_000402.JPG,2690,3022,401,699,2856.0,550.0,66
402,NARS-13_000402.JPG,1404,1648,2441,2792,1526.0,2616.5,67
402,NARS-13_000402.JPG,956,1233,1292,1620,1094.5,1456.0,6
402,NARS-13_000402.JPG,818,1083,398,726,950.5,562.0,5
402,NARS-13_000402.JPG,4283,4594,487,764,4438.5,625.5,69
402,NARS-13_000402.JPG,4831,4998,2975,3110,4914.5,3042.5,54
402,NARS-13_000402.JPG,2594,2727,1753,1895,2660.5,1824.0,50
402,NARS-13_000402.JPG,5093,5346,437,775,5219.5,606.0,42
402,NARS-13_000402.JPG,4117,4388,2549,2831,4252.5,2690.0,37
405,NARS-13_000405.JPG,971,1144,1204,1346,1057.5,1275.0,75
405,NARS-13_000405.JPG,0,94,286,558,47.0,422.0,74
405,NARS-13_000405.JPG,4000,4235,2264,2604,4117.5,2434.0,68
405,NARS-13_000405.JPG,4260,4515,1358,1558,4387.5,1458.0,70
405,NARS-13_000405.JPG,270,512,1861,2212,391.0,2036.5,72
405,NARS-13_000405.JPG,4449,4709,1576,1791,4579.0,1683.5,56
405,NARS-13_000405.JPG,615,809,2397,2645,712.0,2521.0,44
405,NARS-13_000405.JPG,3363,3628,2131,2442,3495.5,2286.5,71
405,NARS-13_000405.JPG,1591,1833,1677,2011,1712.0,1844.0,65
405,NARS-13_000405.JPG,4256,4557,304,607,4406.5,455.5,62
405,NARS-13_000405.JPG,2281,2534,2629,2975,2407.5,2802.0,58
405,NARS-13_000405.JPG,480,747,1376,1684,613.5,1530.0,61
405,NARS-13_000405.JPG,1402,1648,2459,2798,1525.0,2628.5,67
405,NARS-13_000405.JPG,1774,2014,1712,2072,1894.0,1892.0,63
405,NARS-13_000405.JPG,795,1014,474,786,904.5,630.0,5
405,NARS-13_000405.JPG,5154,5400,1620,1954,5277.0,1787.0,36
405,NARS-13_000405.JPG,2715,2970,435,739,2842.5,587.0,66
405,NARS-13_000405.JPG,939,1201,1310,1625,1070.0,1467.5,6
405,NARS-13_000405.JPG,3736,4052,2313,2587,3894.0,2450.0,41
405,NARS-13_000405.JPG,4231,4526,560,837,4378.5,698.5,69
405,NARS-13_000405.JPG,4818,4994,2978,3153,4906.0,3065.5,54
405,NARS-13_000405.JPG,1429,1601,1499,1610,1515.0,1554.5,32
405,NARS-13_000405.JPG,2581,2728,1811,1945,2654.5,1878.0,50
405,NARS-13_000405.JPG,4123,4377,2558,2842,4250.0,2700.0,37
405,NARS-13_000405.JPG,5075,5323,460,804,5199.0,632.0,42
415,NARS-13_000415.JPG,4266,4508,1360,1557,4387.0,1458.5,70
415,NARS-13_000415.JPG,971,1148,1201,1331,1059.5,1266.0,75
415,NARS-13_000415.JPG,3956,4166,2309,2644,4061.0,2476.5,68
415,NARS-13_000415.JPG,281,479,1959,2215,380.0,2087.0,72
415,NARS-13_000415.JPG,4457,4685,1568,1814,4571.0,1691.0,56
415,NARS-13_000415.JPG,3360,3602,2129,2430,3481.0,2279.5,71
415,NARS-13_000415.JPG,1602,1820,1707,1998,1711.0,1852.5,65
415,NARS-13_000415.JPG,478,737,1541,1790,607.5,1665.5,61
415,NARS-13_000415.JPG,1763,2018,1763,2108,1890.5,1935.5,63
415,NARS-13_000415.JPG,5113,5348,1753,2060,5230.5,1906.5,38
415,NARS-13_000415.JPG,2227,2504,2614,2978,2365.5,2796.0,58
415,NARS-13_000415.JPG,1379,1617,2514,2809,1498.0,2661.5,67
415,NARS-13_000415.JPG,780,983,501,819,881.5,660.0,5
415,NARS-13_000415.JPG,1270,1531,1491,1704,1400.5,1597.5,6
415,NARS-13_000415.JPG,4136,4507,385,649,4321.5,517.0,62
415,NARS-13_000415.JPG,2669,2926,504,814,2797.5,659.0,66
415,NARS-13_000415.JPG,4070,4457,546,878,4263.5,712.0,60
415,NARS-13_000415.JPG,2357,2621,1728,1974,2489.0,1851.0,35
415,NARS-13_000415.JPG,3715,4019,2396,2690,3867.0,2543.0,41
415,NARS-13_000415.JPG,4648,4868,2820,3105,4758.0,2962.5,54
415,NARS-13_000415.JPG,4124,4379,2548,2850,4251.5,2699.0,37
415,NARS-13_000415.JPG,1720,1872,2181,2289,1796.0,2235.0,51
415,NARS-13_000415.JPG,5089,5412,581,893,5250.5,737.0,42
415,NARS-13_000415.JPG,903,1152,1347,1610,1027.5,1478.5,76
418,NARS-13_000418.JPG,3971,4197,2291,2619,4084.0,2455.0,68
418,NARS-13_000418.JPG,975,1149,1194,1333,1062.0,1263.5,75
418,NARS-13_000418.JPG,4260,4481,1350,1534,4370.5,1442.0,70
418,NARS-13_000418.JPG,1595,1829,1674,1993,1712.0,1833.5,65
418,NARS-13_000418.JPG,3339,3600,2092,2392,3469.5,2242.0,71
418,NARS-13_000418.JPG,4292,4561,286,563,4426.5,424.5,62
418,NARS-13_000418.JPG,251,480,1793,2073,365.5,1933.0,72
418,NARS-13_000418.JPG,1762,2016,1691,2085,1889.0,1888.0,63
418,NARS-13_000418.JPG,446,701,1456,1705,573.5,1580.5,61
418,NARS-13_000418.JPG,2692,2990,387,699,2841.0,543.0,66
418,NARS-13_000418.JPG,759,994,367,691,876.5,529.0,12
418,NARS-13_000418.JPG,3724,4014,2270,2527,3869.0,2398.5,41
418,NARS-13_000418.JPG,1245,1467,1276,1500,1356.0,1388.0,6
418,NARS-13_000418.JPG,5150,5359,1579,1898,5254.5,1738.5,36
418,NARS-13_000418.JPG,2205,2425,2595,2917,2315.0,2756.0,58
418,NARS-13_000418.JPG,1363,1617,2396,2740,1490.0,2568.0,67
418,NARS-13_000418.JPG,2365,2618,1699,1936,2491.5,1817.5,35
418,NARS-13_000418.JPG,4655,4869,2809,3086,4762.0,2947.5,22
418,NARS-13_000418.JPG,4151,4440,471,743,4295.5,607.0,69
418,NARS-13_000418.JPG,5083,5365,457,777,5224.0,617.0,42
418,NARS-13_000418.JPG,4134,4379,2508,2779,4256.5,2643.5,30
418,NARS-13_000418.JPG,1684,1858,2163,2282,1771.0,2222.5,51
425,NARS-13_000425.JPG,976,1149,1186,1324,1062.5,1255.0,75
425,NARS-13_000425.JPG,3951,4161,2283,2609,4056.0,2446.0,68
425,NARS-13_000425.JPG,4259,4508,1313,1518,4383.5,1415.5,70
425,NARS-13_000425.JPG,1599,1844,1671,1983,1721.5,1827.0,65
425,NARS-13_000425.JPG,3334,3576,2065,2376,3455.0,2220.5,23
425,NARS-13_000425.JPG,260,504,1813,2103,382.0,1958.0,72
425,NARS-13_000425.JPG,1794,2004,1730,2081,1899.0,1905.5,63
425,NARS-13_000425.JPG,2234,2476,2542,2908,2355.0,2725.0,58
425,NARS-13_000425.JPG,1229,1442,1276,1522,1335.5,1399.0,6
425,NARS-13_000425.JPG,770,996,371,677,883.0,524.0,12
425,NARS-13_000425.JPG,440,695,1433,1682,567.5,1557.5,61
425,NARS-13_000425.JPG,2334,2573,1654,1907,2453.5,1780.5,35
425,NARS-13_000425.JPG,2690,2953,382,682,2821.5,532.0,66
425,NARS-13_000425.JPG,3597,3853,2244,2543,3725.0,2393.5,71
425,NARS-13_000425.JPG,5117,5349,1595,1926,5233.0,1760.5,36
425,NARS-13_000425.JPG,1368,1596,2397,2738,1482.0,2567.5,67
425,NARS-13_000425.JPG,4112,4394,462,758,4253.0,610.0,62
425,NARS-13_000425.JPG,4622,4829,2775,3040,4725.5,2907.5,22
425,NARS-13_000425.JPG,5049,5332,439,757,5190.5,598.0,42
425,NARS-13_000425.JPG,4074,4304,2524,2793,4189.0,2658.5,41
425,NARS-13_000425.JPG,1645,1845,2136,2257,1745.0,2196.5,51
427,NARS-13_000427.JPG,971,1153,1192,1327,1062.0,1259.5,75
427,NARS-13_000427.JPG,3982,4182,2285,2608,4082.0,2446.5,68
427,NARS-13_000427.JPG,3340,3579,2037,2357,3459.5,2197.0,23
427,NARS-13_000427.JPG,4248,4492,1306,1524,4370.0,1415.0,70
427,NARS-13_000427.JPG,1599,1843,1676,1981,1721.0,1828.5,65
427,NARS-13_000427.JPG,267,491,1819,2106,379.0,1962.5,72
427,NARS-13_000427.JPG,1212,1431,1304,1560,1321.5,1432.0,6
427,NARS-13_000427.JPG,3746,4054,2205,2460,3900.0,2332.5,41
427,NARS-13_000427.JPG,1788,1988,1736,2075,1888.0,1905.5,63
427,NARS-13_000427.JPG,2234,2461,2569,2899,2347.5,2734.0,58
427,NARS-13_000427.JPG,2692,2953,417,719,2822.5,568.0,66
427,NARS-13_000427.JPG,5026,5305,302,620,5165.5,461.0,42
427,NARS-13_000427.JPG,762,966,407,694,864.0,550.5,12
427,NARS-13_000427.JPG,2323,2557,1663,1933,2440.0,1798.0,35
427,NARS-13_000427.JPG,5127,5347,1582,1884,5237.0,1733.0,36
427,NARS-13_000427.JPG,1361,1587,2393,2713,1474.0,2553.0,67
427,NARS-13_000427.JPG,4115,4394,492,782,4254.5,637.0,62
427,NARS-13_000427.JPG,4616,4839,2741,3046,4727.5,2893.5,22
427,NARS-13_000427.JPG,1624,1831,2123,2262,1727.5,2192.5,51
427,NARS-13_000427.JPG,4097,4328,2518,2790,4212.5,2654.0,30
429,NARS-13_000429.JPG,4029,4225,2312,2592,4127.0,2452.0,68
429,NARS-13_000429.JPG,1707,1927,1691,2032,1817.0,1861.5,65
429,NARS-13_000429.JPG,943,1126,1191,1333,1034.5,1262.0,75
429,NARS-13_000429.JPG,4254,4530,1316,1525,4392.0,1420.5,70
429,NARS-13_000429.JPG,3812,4133,2247,2480,3972.5,2363.5,41
429,NARS-13_000429.JPG,3345,3599,2107,2393,3472.0,2250.0,71
429,NARS-13_000429.JPG,1189,1375,1285,1534,1282.0,1409.5,6
429,NARS-13_000429.JPG,634,873,358,637,753.5,497.5,12
429,NARS-13_000429.JPG,4703,5021,2668,2961,4862.0,2814.5,22
429,NARS-13_000429.JPG,2226,2469,2575,2863,2347.5,2719.0,58
429,NARS-13_000429.JPG,5032,5319,290,590,5175.5,440.0,42
429,NARS-13_000429.JPG,5163,5386,1502,1850,5274.5,1676.0,36
429,NARS-13_000429.JPG,1600,1860,1667,1956,1730.0,1811.5,51
429,NARS-13_000429.JPG,1361,1603,2403,2684,1482.0,2543.5,67
429,NARS-13_000429.JPG,2637,2839,404,680,2738.0,542.0,66
429,NARS-13_000429.JPG,4146,4378,2485,2720,4262.0,2602.5,30
429,NARS-13_000429.JPG,2239,2458,1778,2083,2348.5,1930.5,63
429,NARS-13_000429.JPG,4051,4319,405,686,4185.0,545.5,62
429,NARS-13_000429.JPG,1612,1832,2135,2297,1722.0,2216.0,77
431,NARS-13_000431.JPG,1577,1812,2126,2311,1694.5,2218.5,77
431,NARS-13_000431.JPG,969,1153,1181,1324,1061.0,1252.5,75
431,NARS-13_000431.JPG,1724,1952,1671,2018,1838.0,1844.5,65
431,NARS-13_000431.JPG,3959,4165,2303,2627,4062.0,2465.0,68
431,NARS-13_000431.JPG,3309,3565,2021,2354,3437.0,2187.5,23
431,NARS-13_000431.JPG,4234,4502,1301,1526,4368.0,1413.5,70
431,NARS-13_000431.JPG,1249,1494,1416,1672,1371.5,1544.0,6
431,NARS-13_000431.JPG,2679,2955,425,700,2817.0,562.5,66
431,NARS-13_000431.JPG,3706,4004,2190,2472,3855.0,2331.0,41
431,NARS-13_000431.JPG,2288,2528,1655,1961,2408.0,1808.0,35
431,NARS-13_000431.JPG,767,984,410,717,875.5,563.5,12
431,NARS-13_000431.JPG,5052,5324,357,619,5188.0,488.0,42
431,NARS-13_000431.JPG,1593,1888,1666,1965,1740.5,1815.5,51
431,NARS-13_000431.JPG,1348,1580,2368,2660,1464.0,2514.0,67
431,NARS-13_000431.JPG,4138,4433,511,773,4285.5,642.0,62
431,NARS-13_000431.JPG,5117,5308,1489,1809,5212.5,1649.0,36
431,NARS-13_000431.JPG,2115,2360,2490,2866,2237.5,2678.0,58
431,NARS-13_000431.JPG,4589,4823,2739,3095,4706.0,2917.0,37
431,NARS-13_000431.JPG,4033,4259,2531,2814,4146.0,2672.5,30
432,NARS-13_000432.JPG,1593,1828,2132,2324,1710.5,2228.0,77
432,NARS-13_000432.JPG,967,1157,1184,1331,1062.0,1257.5,75
432,NARS-13_000432.JPG,1173,1405,1392,1660,1289.0,1526.0,6
432,NARS-13_000432.JPG,1611,1893,1703,1980,1752.0,1841.5,65
432,NARS-13_000432.JPG,4239,4533,1296,1526,4386.0,1411.0,70
432,NARS-13_000432.JPG,3291,3535,2038,2323,3413.0,2180.5,23
432,NARS-13_000432.JPG,749,983,309,621,866.0,465.0,12
432,NARS-13_000432.JPG,3903,4109,2281,2614,4006.0,2447.5,68
432,NARS-13_000432.JPG,3611,3860,2215,2504,3735.5,2359.5,71
432,NARS-13_000432.JPG,1738,1952,1713,2049,1845.0,1881.0,63
432,NARS-13_000432.JPG,5077,5373,331,635,5225.0,483.0,42
432,NARS-13_000432.JPG,1338,1570,2428,2705,1454.0,2566.5,67
432,NARS-13_000432.JPG,2639,2907,372,675,2773.0,523.5,66
432,NARS-13_000432.JPG,4553,4761,2757,3090,4657.0,2923.5,37
432,NARS-13_000432.JPG,2271,2515,1713,2045,2393.0,1879.0,35
432,NARS-13_000432.JPG,2109,2351,2531,2881,2230.0,2706.0,58
432,NARS-13_000432.JPG,5103,5304,1490,1795,5203.5,1642.5,36
432,NARS-13_000432.JPG,3982,4204,2502,2765,4093.0,2633.5,41
432,NARS-13_000432.JPG,4041,4332,477,780,4186.5,628.5,62
433,NARS-13_000433.JPG,4015,4228,2299,2622,4121.5,2460.5,68
433,NARS-13_000433.JPG,966,1151,1184,1321,1058.5,1252.5,75
433,NARS-13_000433.JPG,1617,1842,2101,2303,1729.5,2202.0,77
433,NARS-13_000433.JPG,1624,1899,1704,1992,1761.5,1848.0,65
433,NARS-13_000433.JPG,4251,4517,1314,1530,4384.0,1422.0,70
433,NARS-13_000433.JPG,1185,1399,1384,1648,1292.0,1516.0,6
433,NARS-13_000433.JPG,3329,3577,2056,2367,3453.0,2211.5,23
433,NARS-13_000433.JPG,3750,4054,2199,2451,3902.0,2325.0,41
433,NARS-13_000433.JPG,2702,2971,404,675,2836.5,539.5,66
433,NARS-13_000433.JPG,2211,2459,2518,2864,2335.0,2691.0,58
433,NARS-13_000433.JPG,1366,1621,2457,2717,1493.5,2587.0,67
433,NARS-13_000433.JPG,5150,5382,1600,1908,5266.0,1754.0,36
433,NARS-13_000433.JPG,1766,1963,1756,2071,1864.5,1913.5,63
433,NARS-13_000433.JPG,739,960,418,709,849.5,563.5,12
433,NARS-13_000433.JPG,4177,4471,528,778,4324.0,653.0,62
433,NARS-13_000433.JPG,2308,2573,1675,1993,2440.5,1834.0,35
433,NARS-13_000433.JPG,5096,5371,407,658,5233.5,532.5,42
433,NARS-13_000433.JPG,4609,4865,2737,3089,4737.0,2913.0,22
433,NARS-13_000433.JPG,4147,4375,2549,2813,4261.0,2681.0,37
444,NARS-13_000444.JPG,1632,1962,1698,2012,1797.0,1855.0,65
444,NARS-13_000444.JPG,1584,1810,2091,2333,1697.0,2212.0,77
444,NARS-13_000444.JPG,3983,4197,2311,2581,4090.0,2446.0,68
444,NARS-13_000444.JPG,981,1151,1179,1320,1066.0,1249.5,75
444,NARS-13_000444.JPG,4257,4483,1317,1518,4370.0,1417.5,70
444,NARS-13_000444.JPG,3339,3572,2055,2373,3455.5,2214.0,23
444,NARS-13_000444.JPG,1242,1471,1434,1692,1356.5,1563.0,6
444,NARS-13_000444.JPG,2722,2999,446,660,2860.5,553.0,66
444,NARS-13_000444.JPG,3757,4043,2182,2443,3900.0,2312.5,41
444,NARS-13_000444.JPG,1383,1600,2518,2741,1491.5,2629.5,67
444,NARS-13_000444.JPG,1765,1961,1814,2022,1863.0,1918.0,63
444,NARS-13_000444.JPG,2201,2418,2573,2928,2309.5,2750.5,58
444,NARS-13_000444.JPG,5147,5335,1632,1918,5241.0,1775.0,36
444,NARS-13_000444.JPG,4150,4439,459,736,4294.5,597.5,62
444,NARS-13_000444.JPG,745,967,436,742,856.0,589.0,12
444,NARS-13_000444.JPG,2304,2574,1685,1993,2439.0,1839.0,35
444,NARS-13_000444.JPG,5096,5360,443,723,5228.0,583.0,42
444,NARS-13_000444.JPG,4580,4838,2754,3094,4709.0,2924.0,37
444,NARS-13_000444.JPG,4109,4342,2543,2794,4225.5,2668.5,30
451,NARS-13_000451.JPG,3993,4198,2323,2609,4095.5,2466.0,68
451,NARS-13_000451.JPG,1581,1817,2068,2354,1699.0,2211.0,77
451,NARS-13_000451.JPG,971,1150,1179,1317,1060.5,1248.0,75
451,NARS-13_000451.JPG,4251,4510,1305,1524,4380.5,1414.5,70
451,NARS-13_000451.JPG,3307,3558,2037,2367,3432.5,2202.0,23
451,NARS-13_000451.JPG,1182,1393,1287,1578,1287.5,1432.5,6
451,NARS-13_000451.JPG,3770,4075,2192,2459,3922.5,2325.5,41
451,NARS-13_000451.JPG,2707,2984,443,657,2845.5,550.0,66
451,NARS-13_000451.JPG,1366,1591,2529,2737,1478.5,2633.0,67
451,NARS-13_000451.JPG,4182,4464,423,739,4323.0,581.0,62
451,NARS-13_000451.JPG,5117,5331,1624,1934,5224.0,1779.0,36
451,NARS-13_000451.JPG,2179,2394,2524,2888,2286.5,2706.0,58
451,NARS-13_000451.JPG,2291,2538,1674,1983,2414.5,1828.5,35
451,NARS-13_000451.JPG,5082,5381,421,720,5231.5,570.5,42
451,NARS-13_000451.JPG,4567,4814,2735,3116,4690.5,2925.5,37
451,NARS-13_000451.JPG,1214,1386,1987,2154,1300.0,2070.5,51
451,NARS-13_000451.JPG,4126,4350,2536,2813,4238.0,2674.5,30
459,NARS-13_000459.JPG,3328,3579,1969,2280,3453.5,2124.5,23
459,NARS-13_000459.JPG,4029,4211,2316,2570,4120.0,2443.0,68
459,NARS-13_000459.JPG,1564,1859,2047,2331,1711.5,2189.0,77
459,NARS-13_000459.JPG,974,1145,1179,1304,1059.5,1241.5,75
459,NARS-13_000459.JPG,4258,4504,1297,1510,4381.0,1403.5,70
459,NARS-13_000459.JPG,3798,4108,2210,2478,3953.0,2344.0,41
459,NARS-13_000459.JPG,1180,1382,1291,1552,1281.0,1421.5,6
459,NARS-13_000459.JPG,2764,3007,387,601,2885.5,494.0,66
459,NARS-13_000459.JPG,4214,4477,372,644,4345.5,508.0,62
459,NARS-13_000459.JPG,2353,2595,1641,1916,2474.0,1778.5,35
459,NARS-13_000459.JPG,5147,5351,1596,1896,5249.0,1746.0,36
459,NARS-13_000459.JPG,2161,2386,2440,2788,2273.5,2614.0,58
459,NARS-13_000459.JPG,5094,5374,398,686,5234.0,542.0,42
459,NARS-13_000459.JPG,4573,4823,2728,3089,4698.0,2908.5,37
459,NARS-13_000459.JPG,1172,1379,1897,2146,1275.5,2021.5,51
459,NARS-13_000459.JPG,4150,4358,2520,2783,4254.0,2651.5,30
462,NARS-13_000462.JPG,3321,3588,1965,2290,3454.5,2127.5,23
462,NARS-13_000462.JPG,4009,4194,2295,2581,4101.5,2438.0,68
462,NARS-13_000462.JPG,1531,1840,2052,2356,1685.5,2204.0,77
462,NARS-13_000462.JPG,970,1155,1171,1312,1062.5,1241.5,75
462,NARS-13_000462.JPG,4253,4516,1300,1523,4384.5,1411.5,70
462,NARS-13_000462.JPG,1170,1410,1349,1624,1290.0,1486.5,6
462,NARS-13_000462.JPG,2764,3007,404,618,2885.5,511.0,66
462,NARS-13_000462.JPG,3788,4106,2252,2577,3947.0,2414.5,41
462,NARS-13_000462.JPG,2327,2581,1600,1898,2454.0,1749.0,35
462,NARS-13_000462.JPG,4216,4491,372,650,4353.5,511.0,62
462,NARS-13_000462.JPG,5091,5328,1687,1999,5209.5,1843.0,36
462,NARS-13_000462.JPG,2144,2373,2500,2880,2258.5,2690.0,58
462,NARS-13_000462.JPG,5085,5381,398,701,5233.0,549.5,42
462,NARS-13_000462.JPG,4552,4804,2728,3137,4678.0,2932.5,37
462,NARS-13_000462.JPG,1149,1365,1912,2173,1257.0,2042.5,51
462,NARS-13_000462.JPG,4104,4333,2513,2790,4218.5,2651.5,30
463,NARS-13_000463.JPG,1554,1840,2056,2353,1697.0,2204.5,77
463,NARS-13_000463.JPG,3321,3588,1961,2296,3454.5,2128.5,23
463,NARS-13_000463.JPG,4035,4229,2322,2576,4132.0,2449.0,68
463,NARS-13_000463.JPG,970,1153,1169,1311,1061.5,1240.0,75
463,NARS-13_000463.JPG,4247,4473,1307,1517,4360.0,1412.0,70
463,NARS-13_000463.JPG,1170,1373,1314,1572,1271.5,1443.0,6
463,NARS-13_000463.JPG,3758,4111,2296,2616,3934.5,2456.0,41
463,NARS-13_000463.JPG,2317,2562,1637,1917,2439.5,1777.0,35
463,NARS-13_000463.JPG,2166,2368,2480,2838,2267.0,2659.0,58
463,NARS-13_000463.JPG,5089,5308,1673,1975,5198.5,1824.0,36
463,NARS-13_000463.JPG,4556,4769,2793,3139,4662.5,2966.0,37
463,NARS-13_000463.JPG,4094,4375,441,708,4234.5,574.5,62
463,NARS-13_000463.JPG,5100,5346,429,715,5223.0,572.0,42
463,NARS-13_000463.JPG,1148,1354,1904,2168,1251.0,2036.0,51
463,NARS-13_000463.JPG,4042,4325,2535,2771,4183.5,2653.0,30
465,NARS-13_000465.JPG,3321,3581,1960,2291,3451.0,2125.5,23
465,NARS-13_000465.JPG,972,1151,1174,1307,1061.5,1240.5,75
465,NARS-13_000465.JPG,4035,4234,2322,2544,4134.5,2433.0,68
465,NARS-13_000465.JPG,1547,1784,2080,2332,1665.5,2206.0,77
465,NARS-13_000465.JPG,4255,4504,1299,1510,4379.5,1404.5,70
465,NARS-13_000465.JPG,3773,4100,2268,2602,3936.5,2435.0,41
465,NARS-13_000465.JPG,1248,1537,1360,1663,1392.5,1511.5,6
465,NARS-13_000465.JPG,2276,2483,1634,1899,2379.5,1766.5,35
465,NARS-13_000465.JPG,4191,4471,373,601,4331.0,487.0,62
465,NARS-13_000465.JPG,5131,5326,1579,1932,5228.5,1755.5,36
465,NARS-13_000465.JPG,5073,5354,385,674,5213.5,529.5,42
465,NARS-13_000465.JPG,4554,4769,2735,3101,4661.5,2918.0,37
465,NARS-13_000465.JPG,2119,2321,2495,2832,2220.0,2663.5,58
465,NARS-13_000465.JPG,1127,1337,1905,2139,1232.0,2022.0,51
465,NARS-13_000465.JPG,4073,4324,2536,2773,4198.5,2654.5,30
466,NARS-13_000466.JPG,3332,3590,1964,2287,3461.0,2125.5,23
466,NARS-13_000466.JPG,1165,1407,1403,1652,1286.0,1527.5,6
466,NARS-13_000466.JPG,972,1151,1174,1307,1061.5,1240.5,75
466,NARS-13_000466.JPG,3985,4204,2277,2574,4094.5,2425.5,68
466,NARS-13_000466.JPG,1542,1793,2064,2361,1667.5,2212.5,77
466,NARS-13_000466.JPG,4247,4510,1309,1516,4378.5,1412.5,70
466,NARS-13_000466.JPG,4199,4472,373,610,4335.5,491.5,62
466,NARS-13_000466.JPG,3765,4060,2282,2598,3912.5,2440.0,41
466,NARS-13_000466.JPG,2298,2540,1621,1938,2419.0,1779.5,35
466,NARS-13_000466.JPG,5110,5341,1596,1920,5225.5,1758.0,36
466,NARS-13_000466.JPG,2129,2357,2529,2863,2243.0,2696.0,58
466,NARS-13_000466.JPG,4555,4776,2746,3078,4665.5,2912.0,37
466,NARS-13_000466.JPG,5083,5360,425,711,5221.5,568.0,42
466,NARS-13_000466.JPG,1135,1342,1899,2156,1238.5,2027.5,51
466,NARS-13_000466.JPG,4103,4307,2505,2772,4205.0,2638.5,30
470,NARS-13_000470.JPG,1550,1855,2051,2344,1702.5,2197.5,77
470,NARS-13_000470.JPG,3325,3605,1957,2277,3465.0,2117.0,23
470,NARS-13_000470.JPG,973,1162,1165,1312,1067.5,1238.5,75
470,NARS-13_000470.JPG,4024,4228,2291,2561,4126.0,2426.0,68
470,NARS-13_000470.JPG,4255,4510,1298,1515,4382.5,1406.5,70
470,NARS-13_000470.JPG,2379,2674,1490,1702,2526.5,1596.0,50
470,NARS-13_000470.JPG,4275,4532,346,583,4403.5,464.5,62
470,NARS-13_000470.JPG,3797,4133,2298,2611,3965.0,2454.5,41
470,NARS-13_000470.JPG,5125,5368,1628,1931,5246.5,1779.5,36
470,NARS-13_000470.JPG,2160,2394,2496,2860,2277.0,2678.0,58
470,NARS-13_000470.JPG,1318,1554,1287,1561,1436.0,1424.0,6
470,NARS-13_000470.JPG,5058,5381,401,687,5219.5,544.0,42
470,NARS-13_000470.JPG,4562,4809,2735,3114,4685.5,2924.5,37
470,NARS-13_000470.JPG,4165,4386,2478,2748,4275.5,2613.0,30
470,NARS-13_000470.JPG,1140,1362,1884,2166,1251.0,2025.0,51
473,NARS-13_000473.JPG,3310,3576,1950,2242,3443.0,2096.0,23
473,NARS-13_000473.JPG,4028,4237,2263,2554,4132.5,2408.5,68
473,NARS-13_000473.JPG,4233,4495,1284,1507,4364.0,1395.5,70
473,NARS-13_000473.JPG,1504,1727,2041,2325,1615.5,2183.0,77
473,NARS-13_000473.JPG,2279,2557,1578,1878,2418.0,1728.0,35
473,NARS-13_000473.JPG,1152,1351,1285,1577,1251.5,1431.0,6
473,NARS-13_000473.JPG,3762,4084,2231,2538,3923.0,2384.5,41
473,NARS-13_000473.JPG,4235,4491,315,563,4363.0,439.0,62
473,NARS-13_000473.JPG,5055,5355,315,605,5205.0,460.0,42
473,NARS-13_000473.JPG,5086,5301,1613,1950,5193.5,1781.5,36
473,NARS-13_000473.JPG,2113,2356,2467,2786,2234.5,2626.5,58
473,NARS-13_000473.JPG,4127,4339,2473,2744,4233.0,2608.5,30
473,NARS-13_000473.JPG,4556,4814,2636,2928,4685.0,2782.0,22
473,NARS-13_000473.JPG,1108,1317,1827,2139,1212.5,1983.0,51
474,NARS-13_000474.JPG,970,1151,1176,1316,1060.5,1246.0,75
474,NARS-13_000474.JPG,3319,3573,1956,2272,3446.0,2114.0,23
474,NARS-13_000474.JPG,4002,4216,2283,2554,4109.0,2418.5,68
474,NARS-13_000474.JPG,4247,4496,1300,1518,4371.5,1409.0,70
474,NARS-13_000474.JPG,1510,1749,2020,2322,1629.5,2171.0,77
474,NARS-13_000474.JPG,2294,2549,1600,1886,2421.5,1743.0,35
474,NARS-13_000474.JPG,3753,4069,2248,2553,3911.0,2400.5,41
474,NARS-13_000474.JPG,4208,4459,334,571,4333.5,452.5,62
474,NARS-13_000474.JPG,5118,5327,1597,1915,5222.5,1756.0,36
474,NARS-13_000474.JPG,5052,5325,376,659,5188.5,517.5,42
474,NARS-13_000474.JPG,1229,1421,1188,1474,1325.0,1331.0,6
474,NARS-13_000474.JPG,4555,4756,2715,3065,4655.5,2890.0,37
474,NARS-13_000474.JPG,2114,2352,2454,2808,2233.0,2631.0,58
474,NARS-13_000474.JPG,1119,1319,1843,2135,1219.0,1989.0,51
474,NARS-13_000474.JPG,4102,4295,2498,2769,4198.5,2633.5,30
482,NARS-13_000482.JPG,4264,4517,1309,1514,4390.5,1411.5,70
482,NARS-13_000482.JPG,1568,1886,2085,2383,1727.0,2234.0,77
482,NARS-13_000482.JPG,1173,1364,1320,1615,1268.5,1467.5,6
482,NARS-13_000482.JPG,3877,4176,2333,2638,4026.5,2485.5,68
482,NARS-13_000482.JPG,5151,5385,1617,1921,5268.0,1769.0,36
482,NARS-13_000482.JPG,2174,2438,2550,2904,2306.0,2727.0,58
482,NARS-13_000482.JPG,5094,5394,411,700,5244.0,555.5,42
482,NARS-13_000482.JPG,2410,2697,1690,2005,2553.5,1847.5,35
482,NARS-13_000482.JPG,4617,4935,2760,3143,4776.0,2951.5,22
482,NARS-13_000482.JPG,4202,4427,2545,2824,4314.5,2684.5,30
482,NARS-13_000482.JPG,1179,1452,1932,2236,1315.5,2084.0,51
483,NARS-13_000483.JPG,4269,4508,1304,1518,4388.5,1411.0,70
483,NARS-13_000483.JPG,1149,1373,1323,1618,1261.0,1470.5,6
483,NARS-13_000483.JPG,3891,4215,2329,2641,4053.0,2485.0,68
483,NARS-13_000483.JPG,1579,1918,2090,2391,1748.5,2240.5,77
483,NARS-13_000483.JPG,2191,2496,2561,2929,2343.5,2745.0,58
483,NARS-13_000483.JPG,5154,5410,1624,1929,5282.0,1776.5,36
483,NARS-13_000483.JPG,4653,5012,2765,3162,4832.5,2963.5,22
483,NARS-13_000483.JPG,5093,5411,401,706,5252.0,553.5,42
483,NARS-13_000483.JPG,4227,4464,2540,2831,4345.5,2685.5,30
483,NARS-13_000483.JPG,1180,1475,1932,2241,1327.5,2086.5,51
483,NARS-13_000483.JPG,2443,2740,1689,2019,2591.5,1854.0,35
486,NARS-13_000486.JPG,1210,1410,1391,1670,1310.0,1530.5,6
486,NARS-13_000486.JPG,4271,4525,1304,1506,4398.0,1405.0,70
486,NARS-13_000486.JPG,3917,4232,2354,2649,4074.5,2501.5,68
486,NARS-13_000486.JPG,1588,1916,2087,2384,1752.0,2235.5,77
486,NARS-13_000486.JPG,2275,2527,2597,2926,2401.0,2761.5,58
486,NARS-13_000486.JPG,5158,5413,1630,1931,5285.5,1780.5,36
486,NARS-13_000486.JPG,4669,5012,2769,3167,4840.5,2968.0,22
486,NARS-13_000486.JPG,4241,4459,2536,2815,4350.0,2675.5,30
486,NARS-13_000486.JPG,5112,5423,411,709,5267.5,560.0,42
486,NARS-13_000486.JPG,2425,2703,1707,2027,2564.0,1867.0,35
486,NARS-13_000486.JPG,1183,1450,1951,2253,1316.5,2102.0,51
487,NARS-13_000487.JPG,4265,4553,1297,1507,4409.0,1402.0,70
487,NARS-13_000487.JPG,3931,4230,2353,2645,4080.5,2499.0,68
487,NARS-13_000487.JPG,1237,1423,1416,1661,1330.0,1538.5,6
487,NARS-13_000487.JPG,2306,2582,2624,2946,2444.0,2785.0,58
487,NARS-13_000487.JPG,1601,1948,2058,2373,1774.5,2215.5,77
487,NARS-13_000487.JPG,5173,5437,1601,1929,5305.0,1765.0,36
487,NARS-13_000487.JPG,4704,5087,2776,3189,4895.5,2982.5,22
487,NARS-13_000487.JPG,4256,4493,2522,2810,4374.5,2666.0,30
487,NARS-13_000487.JPG,5107,5434,407,711,5270.5,559.0,42
487,NARS-13_000487.JPG,1206,1528,1936,2264,1367.0,2100.0,51
487,NARS-13_000487.JPG,2471,2759,1698,2032,2615.0,1865.0,35
488,NARS-13_000488.JPG,4261,4575,1292,1506,4418.0,1399.0,70
488,NARS-13_000488.JPG,1245,1459,1427,1664,1352.0,1545.5,6
488,NARS-13_000488.JPG,5174,5449,1610,1940,5311.5,1775.0,36
488,NARS-13_000488.JPG,1614,1969,2052,2360,1791.5,2206.0,77
488,NARS-13_000488.JPG,4756,5155,2768,3182,4955.5,2975.0,22
488,NARS-13_000488.JPG,4274,4515,2502,2795,4394.5,2648.5,30
488,NARS-13_000488.JPG,1236,1554,1941,2259,1395.0,2100.0,51
488,NARS-13_000488.JPG,5133,5451,393,710,5292.0,551.5,42
488,NARS-13_000488.JPG,2524,2824,1677,2011,2674.0,1844.0,50
489,NARS-13_000489.JPG,4271,4572,1289,1507,4421.5,1398.0,70
489,NARS-13_000489.JPG,1242,1459,1412,1666,1350.5,1539.0,6
489,NARS-13_000489.JPG,5173,5451,1611,1938,5312.0,1774.5,36
489,NARS-13_000489.JPG,1612,1972,2048,2359,1792.0,2203.5,77
489,NARS-13_000489.JPG,4752,5148,2769,3185,4950.0,2977.0,22
489,NARS-13_000489.JPG,4267,4513,2508,2799,4390.0,2653.5,30
489,NARS-13_000489.JPG,1231,1559,1939,2260,1395.0,2099.5,51
489,NARS-13_000489.JPG,5125,5458,389,704,5291.5,546.5,42
489,NARS-13_000489.JPG,2510,2809,1686,2019,2659.5,1852.5,50
490,NARS-13_000490.JPG,4272,4572,1300,1502,4422.0,1401.0,70
490,NARS-13_000490.JPG,1233,1459,1393,1667,1346.0,1530.0,6
490,NARS-13_000490.JPG,5171,5450,1606,1937,5310.5,1771.5,36
490,NARS-13_000490.JPG,1617,1970,2057,2363,1793.5,2210.0,77
490,NARS-13_000490.JPG,4749,5136,2771,3179,4942.5,2975.0,22
490,NARS-13_000490.JPG,4271,4511,2514,2802,4391.0,2658.0,30
490,NARS-13_000490.JPG,1222,1534,1940,2260,1378.0,2100.0,51
490,NARS-13_000490.JPG,5125,5462,393,698,5293.5,545.5,42
490,NARS-13_000490.JPG,2502,2799,1702,2026,2650.5,1864.0,50
496,NARS-13_000496.JPG,4269,4528,1299,1504,4398.5,1401.5,70
496,NARS-13_000496.JPG,5194,5450,1609,1943,5322.0,1776.0,36
496,NARS-13_000496.JPG,1249,1458,1372,1674,1353.5,1523.0,6
496,NARS-13_000496.JPG,1619,1972,2066,2366,1795.5,2216.0,77
496,NARS-13_000496.JPG,4716,5111,2772,3179,4913.5,2975.5,22
496,NARS-13_000496.JPG,4285,4516,2537,2822,4400.5,2679.5,30
496,NARS-13_000496.JPG,1214,1505,1962,2266,1359.5,2114.0,51
496,NARS-13_000496.JPG,2486,2771,1723,2052,2628.5,1887.5,50
499,NARS-13_000499.JPG,5204,5479,1611,1911,5341.5,1761.0,36
499,NARS-13_000499.JPG,1221,1458,1399,1682,1339.5,1540.5,6
499,NARS-13_000499.JPG,1635,1988,2087,2381,1811.5,2234.0,77
499,NARS-13_000499.JPG,4735,5124,2795,3195,4929.5,2995.0,22
499,NARS-13_000499.JPG,4298,4523,2535,2815,4410.5,2675.0,30
499,NARS-13_000499.JPG,1235,1528,1993,2280,1381.5,2136.5,51
499,NARS-13_000499.JPG,2515,2801,1720,2037,2658.0,1878.5,50
501,NARS-13_000501.JPG,5195,5500,1605,1930,5347.5,1767.5,36
501,NARS-13_000501.JPG,1234,1460,1390,1674,1347.0,1532.0,6
501,NARS-13_000501.JPG,1619,1965,2092,2390,1792.0,2241.0,77
501,NARS-13_000501.JPG,4703,5072,2807,3191,4887.5,2999.0,22
501,NARS-13_000501.JPG,4296,4508,2559,2851,4402.0,2705.0,30
501,NARS-13_000501.JPG,1225,1527,1977,2278,1376.0,2127.5,51
501,NARS-13_000501.JPG,2497,2763,1720,2036,2630.0,1878.0,50
508,NARS-13_000508.JPG,5196,5502,1643,1932,5349.0,1787.5,36
508,NARS-13_000508.JPG,1237,1462,1358,1672,1349.5,1515.0,6
508,NARS-13_000508.JPG,4677,5061,2754,3181,4869.0,2967.5,22
508,NARS-13_000508.JPG,2395,2668,1671,2007,2531.5,1839.0,35
508,NARS-13_000508.JPG,1162,1428,1913,2265,1295.0,2089.0,51
509,NARS-13_000509.JPG,5215,5520,1623,1928,5367.5,1775.5,36
509,NARS-13_000509.JPG,1159,1467,1342,1668,1313.0,1505.0,6
509,NARS-13_000509.JPG,4690,5082,2752,3191,4886.0,2971.5,22
509,NARS-13_000509.JPG,2404,2690,1644,1968,2547.0,1806.0,35
509,NARS-13_000509.JPG,1162,1431,1894,2245,1296.5,2069.5,51
511,NARS-13_000511.JPG,5211,5505,1641,1936,5358.0,1788.5,36
511,NARS-13_000511.JPG,1184,1451,1327,1666,1317.5,1496.5,6
511,NARS-13_000511.JPG,4668,5014,2732,3145,4841.0,2938.5,22
511,NARS-13_000511.JPG,2387,2649,1663,1977,2518.0,1820.0,35
511,NARS-13_000511.JPG,1147,1380,1876,2224,1263.5,2050.0,51
513,NARS-13_000513.JPG,1202,1468,1334,1657,1335.0,1495.5,6
513,NARS-13_000513.JPG,4662,5011,2729,3144,4836.5,2936.5,22
513,NARS-13_000513.JPG,2383,2660,1669,1983,2521.5,1826.0,35
513,NARS-13_000513.JPG,1147,1384,1872,2219,1265.5,2045.5,51
514,NARS-13_000514.JPG,1205,1450,1342,1651,1327.5,1496.5,6
514,NARS-13_000514.JPG,4661,5012,2719,3146,4836.5,2932.5,22
514,NARS-13_000514.JPG,2376,2639,1662,1990,2507.5,1826.0,35
514,NARS-13_000514.JPG,1141,1370,1883,2217,1255.5,2050.0,51
518,NARS-13_000518.JPG,1199,1460,1330,1662,1329.5,1496.0,6
518,NARS-13_000518.JPG,4668,5033,2736,3163,4850.5,2949.5,22
518,NARS-13_000518.JPG,2368,2649,1675,2009,2508.5,1842.0,35
518,NARS-13_000518.JPG,1140,1390,1894,2246,1265.0,2070.0,51
522,NARS-13_000522.JPG,1167,1393,1369,1673,1280.0,1521.0,6
522,NARS-13_000522.JPG,4656,5024,2778,3175,4840.0,2976.5,22
522,NARS-13_000522.JPG,2403,2678,1719,2033,2540.5,1876.0,35
522,NARS-13_000522.JPG,1140,1410,1938,2268,1275.0,2103.0,51
524,NARS-13_000524.JPG,1203,1472,1358,1678,1337.5,1518.0,6
524,NARS-13_000524.JPG,4698,5097,2775,3191,4897.5,2983.0,22
524,NARS-13_000524.JPG,1170,1454,1916,2263,1312.0,2089.5,51
524,NARS-13_000524.JPG,2427,2705,1711,2039,2566.0,1875.0,35
525,NARS-13_000525.JPG,1184,1463,1344,1677,1323.5,1510.5,6
525,NARS-13_000525.JPG,4681,5058,2771,3185,4869.5,2978.0,22
525,NARS-13_000525.JPG,2401,2676,1699,2023,2538.5,1861.0,35
525,NARS-13_000525.JPG,1171,1450,1921,2259,1310.5,2090.0,51
526,NARS-13_000526.JPG,1195,1453,1351,1676,1324.0,1513.5,6
526,NARS-13_000526.JPG,4681,5051,2784,3197,4866.0,2990.5,22
526,NARS-13_000526.JPG,2382,2647,1696,2015,2514.5,1855.5,35
526,NARS-13_000526.JPG,1160,1431,1932,2264,1295.5,2098.0,51
527,NARS-13_000527.JPG,1214,1454,1341,1668,1334.0,1504.5,6
527,NARS-13_000527.JPG,2379,2635,1676,1992,2507.0,1834.0,35
527,NARS-13_000527.JPG,4677,5046,2805,3202,4861.5,3003.5,22
527,NARS-13_000527.JPG,1149,1410,1950,2274,1279.5,2112.0,51
531,NARS-13_000531.JPG,1154,1426,1314,1649,1290.0,1481.5,6
531,NARS-13_000531.JPG,2363,2614,1620,1874,2488.5,1747.0,35
531,NARS-13_000531.JPG,4655,4992,2776,3179,4823.5,2977.5,22
531,NARS-13_000531.JPG,1127,1399,1883,2245,1263.0,2064.0,51
542,NARS-13_000542.JPG,1157,1401,1281,1618,1279.0,1449.5,6
542,NARS-13_000542.JPG,2366,2594,1603,1857,2480.0,1730.0,35
542,NARS-13_000542.JPG,4642,4927,2773,3124,4784.5,2948.5,22
542,NARS-13_000542.JPG,1111,1362,1877,2233,1236.5,2055.0,51
543,NARS-13_000543.JPG,1165,1400,1305,1614,1282.5,1459.5,6
543,NARS-13_000543.JPG,2365,2591,1628,1841,2478.0,1734.5,35
543,NARS-13_000543.JPG,4644,4924,2799,3124,4784.0,2961.5,22
543,NARS-13_000543.JPG,1122,1363,1887,2240,1242.5,2063.5,51
546,NARS-13_000546.JPG,1164,1361,1338,1635,1262.5,1486.5,6
546,NARS-13_000546.JPG,4675,4978,2830,3151,4826.5,2990.5,22
546,NARS-13_000546.JPG,1120,1379,1909,2262,1249.5,2085.5,51
547,NARS-13_000547.JPG,1167,1403,1340,1632,1285.0,1486.0,6
547,NARS-13_000547.JPG,4684,4981,2836,3152,4832.5,2994.0,22
547,NARS-13_000547.JPG,1122,1396,1917,2265,1259.0,2091.0,51
552,NARS-13_000552.JPG,1152,1354,1360,1620,1253.0,1490.0,6
552,NARS-13_000552.JPG,4741,4977,2848,3144,4859.0,2996.0,22
552,NARS-13_000552.JPG,1144,1421,1921,2261,1282.5,2091.0,51
556,NARS-13_000556.JPG,1135,1350,1349,1607,1242.5,1478.0,6
556,NARS-13_000556.JPG,4715,4958,2845,3115,4836.5,2980.0,22
556,NARS-13_000556.JPG,1107,1393,1894,2251,1250.0,2072.5,51
560,NARS-13_000560.JPG,4706,4949,2828,3098,4827.5,2963.0,22
560,NARS-13_000560.JPG,1100,1358,1880,2201,1229.0,2040.5,51
561,NARS-13_000561.JPG,4710,4930,2846,3094,4820.0,2970.0,22
561,NARS-13_000561.JPG,1098,1347,1867,2214,1222.5,2040.5,51
562,NARS-13_000562.JPG,4716,4936,2823,3100,4826.0,2961.5,22
562,NARS-13_000562.JPG,1100,1353,1864,2218,1226.5,2041.0,51
566,NARS-13_000566.JPG,1091,1365,1878,2227,1228.0,2052.5,51
567,NARS-13_000567.JPG,1093,1354,1881,2241,1223.5,2061.0,51
580,NARS-13_000580.JPG,1098,1365,1899,2220,1231.5,2059.5,51
582,NARS-13_000582.JPG,1089,1330,1874,2189,1209.5,2031.5,51
583,NARS-13_000583.JPG,1093,1339,1874,2182,1216.0,2028.0,51
585,NARS-13_000585.JPG,1090,1348,1870,2183,1219.0,2026.5,51
586,NARS-13_000586.JPG,1100,1346,1883,2177,1223.0,2030.0,51
590,NARS-13_000590.JPG,1086,1343,1875,2194,1214.5,2034.5,51
592,NARS-13_000592.JPG,1088,1352,1913,2208,1220.0,2060.5,51
596,NARS-13_000596.JPG,1116,1347,1947,2210,1231.5,2078.5,51
