frame,filename,x_min,x_max,y_min,y_max,x_c,y_c,objectID
356,NYALE-04_000356.JPG,3995,4129,1297,1408,4062.0,1352.5,0
361,NYALE-04_000361.JPG,4032,4209,1206,1354,4120.5,1280.0,0
362,NYALE-04_000362.JPG,4035,4211,1227,1376,4123.0,1301.5,0
362,NYALE-04_000362.JPG,4559,4704,786,924,4631.5,855.0,1
362,NYALE-04_000362.JPG,4226,4357,894,1030,4291.5,962.0,2
363,NYALE-04_000363.JPG,4028,4222,1248,1404,4125.0,1326.0,0
363,NYALE-04_000363.JPG,4240,4393,909,1053,4316.5,981.0,2
363,NYALE-04_000363.JPG,4601,4759,792,940,4680.0,866.0,1
364,NYALE-04_000364.JPG,4018,4222,1237,1410,4120.0,1323.5,0
364,NYALE-04_000364.JPG,4220,4392,877,1032,4306.0,954.5,2
364,NYALE-04_000364.JPG,4582,4744,758,915,4663.0,836.5,1
365,NYALE-04_000365.JPG,4196,4373,898,1067,4284.5,982.5,2
365,NYALE-04_000365.JPG,4031,4240,1248,1435,4135.5,1341.5,0
365,NYALE-04_000365.JPG,4550,4724,800,967,4637.0,883.5,1
367,NYALE-04_000367.JPG,4544,4734,808,998,4639.0,903.0,1
367,NYALE-04_000367.JPG,3989,4212,1269,1469,4100.5,1369.0,0
367,NYALE-04_000367.JPG,4141,4328,882,1066,4234.5,974.0,2
368,NYALE-04_000368.JPG,4556,4753,780,985,4654.5,882.5,1
368,NYALE-04_000368.JPG,4137,4338,859,1056,4237.5,957.5,2
368,NYALE-04_000368.JPG,3978,4217,1283,1480,4097.5,1381.5,0
369,NYALE-04_000369.JPG,4169,4366,853,1044,4267.5,948.5,2
369,NYALE-04_000369.JPG,4025,4243,1259,1459,4134.0,1359.0,0
369,NYALE-04_000369.JPG,4587,4784,791,986,4685.5,888.5,1
370,NYALE-04_000370.JPG,4199,4401,855,1054,4300.0,954.5,2
370,NYALE-04_000370.JPG,4048,4266,1249,1453,4157.0,1351.0,0
370,NYALE-04_000370.JPG,4594,4796,810,1008,4695.0,909.0,1
376,NYALE-04_000376.JPG,4190,4423,818,1050,4306.5,934.0,2
376,NYALE-04_000376.JPG,4589,4810,775,1006,4699.5,890.5,1
376,NYALE-04_000376.JPG,4021,4265,1262,1490,4143.0,1376.0,0
376,NYALE-04_000376.JPG,4303,4450,649,789,4376.5,719.0,3
376,NYALE-04_000376.JPG,4613,4770,1679,1860,4691.5,1769.5,4
382,NYALE-04_000382.JPG,3953,4225,1206,1458,4089.0,1332.0,0
382,NYALE-04_000382.JPG,4525,4788,697,959,4656.5,828.0,1
382,NYALE-04_000382.JPG,4248,4445,558,741,4346.5,649.5,3
382,NYALE-04_000382.JPG,4584,4794,1567,1782,4689.0,1674.5,4
382,NYALE-04_000382.JPG,4107,4393,745,996,4250.0,870.5,2
385,NYALE-04_000385.JPG,4032,4288,1176,1442,4160.0,1309.0,0
385,NYALE-04_000385.JPG,4278,4518,522,744,4398.0,633.0,3
385,NYALE-04_000385.JPG,4552,4808,662,922,4680.0,792.0,1
385,NYALE-04_000385.JPG,4176,4474,732,994,4325.0,863.0,2
385,NYALE-04_000385.JPG,4554,4812,1260,1466,4683.0,1363.0,4
385,NYALE-04_000385.JPG,4830,5010,4,156,4920.0,80.0,5
386,NYALE-04_000386.JPG,4855,5032,0,145,4943.5,72.5,5
386,NYALE-04_000386.JPG,4261,4508,499,702,4384.5,600.5,3
386,NYALE-04_000386.JPG,4024,4285,1152,1401,4154.5,1276.5,0
386,NYALE-04_000386.JPG,4153,4446,723,957,4299.5,840.0,2
386,NYALE-04_000386.JPG,4582,4831,623,859,4706.5,741.0,1
386,NYALE-04_000386.JPG,4580,4815,1266,1464,4697.5,1365.0,4
387,NYALE-04_000387.JPG,4863,5049,0,143,4956.0,71.5,5
387,NYALE-04_000387.JPG,4272,4523,498,708,4397.5,603.0,3
387,NYALE-04_000387.JPG,4027,4287,1167,1416,4157.0,1291.5,0
387,NYALE-04_000387.JPG,4144,4440,717,954,4292.0,835.5,2
387,NYALE-04_000387.JPG,4605,4848,642,896,4726.5,769.0,1
387,NYALE-04_000387.JPG,4628,4867,1297,1503,4747.5,1400.0,4
389,NYALE-04_000389.JPG,4910,5120,3,175,5015.0,89.0,5
389,NYALE-04_000389.JPG,4646,4884,712,1001,4765.0,856.5,1
389,NYALE-04_000389.JPG,4663,4899,1320,1560,4781.0,1440.0,4
389,NYALE-04_000389.JPG,4121,4357,1232,1494,4239.0,1363.0,0
389,NYALE-04_000389.JPG,4375,4615,566,820,4495.0,693.0,3
389,NYALE-04_000389.JPG,4280,4552,774,1069,4416.0,921.5,2
394,NYALE-04_000394.JPG,4179,4504,772,1079,4341.5,925.5,2
394,NYALE-04_000394.JPG,4324,4597,547,821,4460.5,684.0,3
394,NYALE-04_000394.JPG,4920,5137,0,175,5028.5,87.5,5
394,NYALE-04_000394.JPG,4649,4901,760,1049,4775.0,904.5,1
394,NYALE-04_000394.JPG,4059,4324,1299,1560,4191.5,1429.5,0
394,NYALE-04_000394.JPG,4687,4942,1450,1711,4814.5,1580.5,4
396,NYALE-04_000396.JPG,4878,5114,2,153,4996.0,77.5,5
396,NYALE-04_000396.JPG,4188,4501,763,1066,4344.5,914.5,2
396,NYALE-04_000396.JPG,4619,4876,725,1012,4747.5,868.5,1
396,NYALE-04_000396.JPG,4340,4604,542,805,4472.0,673.5,3
396,NYALE-04_000396.JPG,4049,4308,1286,1549,4178.5,1417.5,0
396,NYALE-04_000396.JPG,4669,4933,1439,1703,4801.0,1571.0,4
403,NYALE-04_000403.JPG,4885,5128,1,149,5006.5,75.0,5
403,NYALE-04_000403.JPG,4653,4924,1391,1671,4788.5,1531.0,4
403,NYALE-04_000403.JPG,4616,4880,719,1011,4748.0,865.0,1
403,NYALE-04_000403.JPG,4338,4612,510,783,4475.0,646.5,3
403,NYALE-04_000403.JPG,4071,4326,1231,1502,4198.5,1366.5,0
403,NYALE-04_000403.JPG,4194,4511,727,1020,4352.5,873.5,2
403,NYALE-04_000403.JPG,3800,3955,717,877,3877.5,797.0,6
403,NYALE-04_000403.JPG,2186,2314,1118,1251,2250.0,1184.5,7
407,NYALE-04_000407.JPG,4833,5089,4,142,4961.0,73.0,5
407,NYALE-04_000407.JPG,4024,4309,1237,1505,4166.5,1371.0,0
407,NYALE-04_000407.JPG,2134,2297,1086,1254,2215.5,1170.0,7
407,NYALE-04_000407.JPG,4255,4569,478,750,4412.0,614.0,3
407,NYALE-04_000407.JPG,3743,3932,687,871,3837.5,779.0,6
407,NYALE-04_000407.JPG,4167,4498,733,1035,4332.5,884.0,2
407,NYALE-04_000407.JPG,4670,4930,1387,1659,4800.0,1523.0,4
407,NYALE-04_000407.JPG,4628,4884,729,1014,4756.0,871.5,1
408,NYALE-04_000408.JPG,2161,2315,1095,1243,2238.0,1169.0,7
408,NYALE-04_000408.JPG,3778,3960,698,875,3869.0,786.5,6
408,NYALE-04_000408.JPG,4873,5115,-1,137,4994.0,68.0,5
408,NYALE-04_000408.JPG,4301,4591,501,768,4446.0,634.5,3
408,NYALE-04_000408.JPG,4050,4320,1216,1486,4185.0,1351.0,0
408,NYALE-04_000408.JPG,4678,4937,1381,1659,4807.5,1520.0,4
408,NYALE-04_000408.JPG,4180,4497,725,1018,4338.5,871.5,2
408,NYALE-04_000408.JPG,4630,4888,722,1013,4759.0,867.5,1
413,NYALE-04_000413.JPG,2150,2317,1068,1234,2233.5,1151.0,7
413,NYALE-04_000413.JPG,4294,4592,499,766,4443.0,632.5,3
413,NYALE-04_000413.JPG,3787,4000,695,897,3893.5,796.0,6
413,NYALE-04_000413.JPG,4895,5136,3,139,5015.5,71.0,5
413,NYALE-04_000413.JPG,4046,4319,1238,1506,4182.5,1372.0,0
413,NYALE-04_000413.JPG,4188,4506,737,1044,4347.0,890.5,2
413,NYALE-04_000413.JPG,4695,4952,1376,1667,4823.5,1521.5,4
413,NYALE-04_000413.JPG,4651,4908,713,1010,4779.5,861.5,1
413,NYALE-04_000413.JPG,4310,4485,321,485,4397.5,403.0,8
413,NYALE-04_000413.JPG,5144,5294,1485,1617,5219.0,1551.0,9
414,NYALE-04_000414.JPG,4319,4501,328,503,4410.0,415.5,8
414,NYALE-04_000414.JPG,5151,5326,1479,1619,5238.5,1549.0,9
414,NYALE-04_000414.JPG,2178,2341,1094,1262,2259.5,1178.0,7
414,NYALE-04_000414.JPG,4060,4345,1231,1499,4202.5,1365.0,0
414,NYALE-04_000414.JPG,4200,4531,742,1044,4365.5,893.0,2
414,NYALE-04_000414.JPG,4923,5179,4,142,5051.0,73.0,5
414,NYALE-04_000414.JPG,4347,4639,500,773,4493.0,636.5,3
414,NYALE-04_000414.JPG,3831,4048,681,892,3939.5,786.5,6
414,NYALE-04_000414.JPG,4715,4975,1387,1659,4845.0,1523.0,4
414,NYALE-04_000414.JPG,4682,4938,729,1014,4810.0,871.5,1
415,NYALE-04_000415.JPG,5165,5316,1492,1626,5240.5,1559.0,9
415,NYALE-04_000415.JPG,4333,4526,344,500,4429.5,422.0,8
415,NYALE-04_000415.JPG,2182,2352,1109,1277,2267.0,1193.0,7
415,NYALE-04_000415.JPG,4932,5165,0,147,5048.5,73.5,5
415,NYALE-04_000415.JPG,3837,4047,673,885,3942.0,779.0,6
415,NYALE-04_000415.JPG,4708,4961,1401,1684,4834.5,1542.5,4
415,NYALE-04_000415.JPG,4236,4540,749,1059,4388.0,904.0,2
415,NYALE-04_000415.JPG,4099,4350,1241,1509,4224.5,1375.0,0
415,NYALE-04_000415.JPG,4391,4646,523,803,4518.5,663.0,3
415,NYALE-04_000415.JPG,4677,4918,742,1032,4797.5,887.0,1
417,NYALE-04_000417.JPG,4316,4505,320,493,4410.5,406.5,8
417,NYALE-04_000417.JPG,2146,2326,1084,1262,2236.0,1173.0,7
417,NYALE-04_000417.JPG,4883,5136,0,150,5009.5,75.0,5
417,NYALE-04_000417.JPG,3773,4009,668,872,3891.0,770.0,6
417,NYALE-04_000417.JPG,5152,5313,1504,1644,5232.5,1574.0,9
417,NYALE-04_000417.JPG,4332,4622,511,803,4477.0,657.0,3
417,NYALE-04_000417.JPG,4629,4893,730,1021,4761.0,875.5,1
417,NYALE-04_000417.JPG,4684,4950,1424,1710,4817.0,1567.0,4
417,NYALE-04_000417.JPG,4090,4348,1255,1526,4219.0,1390.5,0
417,NYALE-04_000417.JPG,4242,4547,747,1062,4394.5,904.5,2
418,NYALE-04_000418.JPG,5151,5326,1497,1637,5238.5,1567.0,9
418,NYALE-04_000418.JPG,4307,4505,311,487,4406.0,399.0,8
418,NYALE-04_000418.JPG,3772,3989,663,880,3880.5,771.5,6
418,NYALE-04_000418.JPG,4887,5143,4,142,5015.0,73.0,5
418,NYALE-04_000418.JPG,2131,2298,1085,1261,2214.5,1173.0,7
418,NYALE-04_000418.JPG,4335,4627,500,789,4481.0,644.5,3
418,NYALE-04_000418.JPG,4634,4914,729,1028,4774.0,878.5,1
418,NYALE-04_000418.JPG,4219,4549,758,1072,4384.0,915.0,2
418,NYALE-04_000418.JPG,4697,4958,1421,1720,4827.5,1570.5,4
418,NYALE-04_000418.JPG,4066,4351,1270,1538,4208.5,1404.0,0
420,NYALE-04_000420.JPG,4869,5125,4,142,4997.0,73.0,5
420,NYALE-04_000420.JPG,5151,5326,1478,1622,5238.5,1550.0,9
420,NYALE-04_000420.JPG,4298,4496,293,469,4397.0,381.0,8
420,NYALE-04_000420.JPG,4293,4585,473,762,4439.0,617.5,3
420,NYALE-04_000420.JPG,3754,3971,651,868,3862.5,759.5,6
420,NYALE-04_000420.JPG,2100,2289,1082,1258,2194.5,1170.0,7
420,NYALE-04_000420.JPG,4201,4531,746,1060,4366.0,903.0,2
420,NYALE-04_000420.JPG,4030,4315,1264,1532,4172.5,1398.0,0
420,NYALE-04_000420.JPG,4634,4914,720,1019,4774.0,869.5,1
420,NYALE-04_000420.JPG,4715,4976,1403,1702,4845.5,1552.5,4
423,NYALE-04_000423.JPG,2117,2299,1083,1272,2208.0,1177.5,7
423,NYALE-04_000423.JPG,4890,5152,1,123,5021.0,62.0,5
423,NYALE-04_000423.JPG,5185,5353,1478,1634,5269.0,1556.0,9
423,NYALE-04_000423.JPG,4322,4521,276,458,4421.5,367.0,8
423,NYALE-04_000423.JPG,4331,4622,486,754,4476.5,620.0,3
423,NYALE-04_000423.JPG,3822,4041,636,848,3931.5,742.0,6
423,NYALE-04_000423.JPG,4061,4333,1261,1533,4197.0,1397.0,0
423,NYALE-04_000423.JPG,4228,4538,744,1051,4383.0,897.5,2
423,NYALE-04_000423.JPG,4732,4986,1381,1683,4859.0,1532.0,4
423,NYALE-04_000423.JPG,4669,4918,737,1035,4793.5,886.0,1
424,NYALE-04_000424.JPG,4891,5140,1,135,5015.5,68.0,5
424,NYALE-04_000424.JPG,4312,4525,284,473,4418.5,378.5,8
424,NYALE-04_000424.JPG,5175,5350,1478,1650,5262.5,1564.0,9
424,NYALE-04_000424.JPG,2111,2300,1085,1280,2205.5,1182.5,7
424,NYALE-04_000424.JPG,4325,4625,490,770,4475.0,630.0,3
424,NYALE-04_000424.JPG,3815,4044,635,866,3929.5,750.5,6
424,NYALE-04_000424.JPG,4217,4547,752,1064,4382.0,908.0,2
424,NYALE-04_000424.JPG,4072,4339,1262,1534,4205.5,1398.0,0
424,NYALE-04_000424.JPG,4733,4988,1404,1695,4860.5,1549.5,4
424,NYALE-04_000424.JPG,4663,4929,736,1036,4796.0,886.0,1
425,NYALE-04_000425.JPG,5161,5346,1482,1645,5253.5,1563.5,9
425,NYALE-04_000425.JPG,4881,5143,0,136,5012.0,68.0,5
425,NYALE-04_000425.JPG,4308,4530,283,483,4419.0,383.0,8
425,NYALE-04_000425.JPG,2109,2305,1084,1280,2207.0,1182.0,7
425,NYALE-04_000425.JPG,3804,4045,648,875,3924.5,761.5,6
425,NYALE-04_000425.JPG,4323,4634,485,774,4478.5,629.5,3
425,NYALE-04_000425.JPG,4219,4550,737,1062,4384.5,899.5,2
425,NYALE-04_000425.JPG,4074,4344,1254,1531,4209.0,1392.5,0
425,NYALE-04_000425.JPG,4650,4916,727,1035,4783.0,881.0,1
425,NYALE-04_000425.JPG,4721,4987,1394,1697,4854.0,1545.5,4
428,NYALE-04_000428.JPG,4663,4939,1369,1678,4801.0,1523.5,4
428,NYALE-04_000428.JPG,4591,4873,725,1023,4732.0,874.0,1
428,NYALE-04_000428.JPG,5141,5335,1460,1631,5238.0,1545.5,9
428,NYALE-04_000428.JPG,4825,5095,1,107,4960.0,54.0,5
428,NYALE-04_000428.JPG,4133,4462,725,1032,4297.5,878.5,2
428,NYALE-04_000428.JPG,4009,4295,1276,1552,4152.0,1414.0,0
428,NYALE-04_000428.JPG,4256,4480,253,445,4368.0,349.0,8
428,NYALE-04_000428.JPG,3724,3971,602,832,3847.5,717.0,6
428,NYALE-04_000428.JPG,4219,4552,453,712,4385.5,582.5,3
428,NYALE-04_000428.JPG,2040,2238,1067,1259,2139.0,1163.0,7
429,NYALE-04_000429.JPG,5083,5297,1495,1681,5190.0,1588.0,9
429,NYALE-04_000429.JPG,4572,4873,1445,1727,4722.5,1586.0,4
429,NYALE-04_000429.JPG,4198,4437,264,469,4317.5,366.5,8
429,NYALE-04_000429.JPG,4748,5029,0,143,4888.5,71.5,5
429,NYALE-04_000429.JPG,2010,2194,1122,1321,2102.0,1221.5,7
429,NYALE-04_000429.JPG,4130,4452,526,822,4291.0,674.0,3
429,NYALE-04_000429.JPG,4481,4785,888,1175,4633.0,1031.5,1
429,NYALE-04_000429.JPG,3990,4315,829,1169,4152.5,999.0,2
429,NYALE-04_000429.JPG,3896,4186,1410,1649,4041.0,1529.5,0
429,NYALE-04_000429.JPG,3550,3803,710,956,3676.5,833.0,6
433,NYALE-04_000433.JPG,4886,5114,-1,86,5000.0,42.5,5
433,NYALE-04_000433.JPG,4564,4849,761,1052,4706.5,906.5,1
433,NYALE-04_000433.JPG,4240,4560,476,762,4400.0,619.0,3
433,NYALE-04_000433.JPG,4685,4948,1347,1645,4816.5,1496.0,4
433,NYALE-04_000433.JPG,3729,3988,615,844,3858.5,729.5,6
433,NYALE-04_000433.JPG,4265,4518,232,441,4391.5,336.5,8
433,NYALE-04_000433.JPG,4097,4430,756,1073,4263.5,914.5,2
433,NYALE-04_000433.JPG,3977,4262,1307,1572,4119.5,1439.5,0
433,NYALE-04_000433.JPG,5104,5350,1357,1561,5227.0,1459.0,9
433,NYALE-04_000433.JPG,2119,2328,965,1171,2223.5,1068.0,7
435,NYALE-04_000435.JPG,4865,5117,3,155,4991.0,79.0,5
435,NYALE-04_000435.JPG,4291,4545,263,497,4418.0,380.0,8
435,NYALE-04_000435.JPG,4693,4952,1370,1672,4822.5,1521.0,4
435,NYALE-04_000435.JPG,2133,2343,1026,1234,2238.0,1130.0,7
435,NYALE-04_000435.JPG,5149,5395,1405,1616,5272.0,1510.5,9
435,NYALE-04_000435.JPG,3798,4044,612,844,3921.0,728.0,6
435,NYALE-04_000435.JPG,4336,4625,459,699,4480.5,579.0,3
435,NYALE-04_000435.JPG,4653,4945,670,933,4799.0,801.5,1
435,NYALE-04_000435.JPG,4113,4358,1167,1418,4235.5,1292.5,0
435,NYALE-04_000435.JPG,4251,4540,695,966,4395.5,830.5,2
444,NYALE-04_000444.JPG,3852,4156,1047,1334,4004.0,1190.5,0
444,NYALE-04_000444.JPG,3937,4210,770,1043,4073.5,906.5,6
444,NYALE-04_000444.JPG,1995,2219,1305,1518,2107.0,1411.5,7
444,NYALE-04_000444.JPG,4513,4820,1688,1914,4666.5,1801.0,4
444,NYALE-04_000444.JPG,4721,4905,1062,1251,4813.0,1156.5,1
444,NYALE-04_000444.JPG,4982,5281,1729,1941,5131.5,1835.0,9
444,NYALE-04_000444.JPG,3977,4246,551,823,4111.5,687.0,2
444,NYALE-04_000444.JPG,4704,4986,205,487,4845.0,346.0,5
444,NYALE-04_000444.JPG,2847,3076,31,303,2961.5,167.0,10
444,NYALE-04_000444.JPG,3416,3605,160,365,3510.5,262.5,11
444,NYALE-04_000444.JPG,3528,3784,57,324,3656.0,190.5,12
444,NYALE-04_000444.JPG,3559,3848,1037,1263,3703.5,1150.0,13
444,NYALE-04_000444.JPG,3775,4045,1554,1773,3910.0,1663.5,14
444,NYALE-04_000444.JPG,4395,4698,1151,1373,4546.5,1262.0,15
444,NYALE-04_000444.JPG,5159,5345,979,1154,5252.0,1066.5,16
445,NYALE-04_000445.JPG,4389,4669,1132,1355,4529.0,1243.5,15
445,NYALE-04_000445.JPG,5175,5348,931,1104,5261.5,1017.5,16
445,NYALE-04_000445.JPG,2858,3084,0,211,2971.0,105.5,10
445,NYALE-04_000445.JPG,3518,3769,1012,1229,3643.5,1120.5,13
445,NYALE-04_000445.JPG,3710,3977,1525,1748,3843.5,1636.5,14
445,NYALE-04_000445.JPG,3505,3766,9,210,3635.5,109.5,12
445,NYALE-04_000445.JPG,3417,3580,60,249,3498.5,154.5,11
445,NYALE-04_000445.JPG,3933,4184,739,1009,4058.5,874.0,6
445,NYALE-04_000445.JPG,1987,2201,1239,1446,2094.0,1342.5,7
445,NYALE-04_000445.JPG,5043,5320,1682,1899,5181.5,1790.5,9
445,NYALE-04_000445.JPG,3826,4115,1072,1358,3970.5,1215.0,0
445,NYALE-04_000445.JPG,4716,4971,145,419,4843.5,282.0,5
445,NYALE-04_000445.JPG,4540,4845,1676,1896,4692.5,1786.0,4
445,NYALE-04_000445.JPG,4756,4935,1034,1223,4845.5,1128.5,1
445,NYALE-04_000445.JPG,3964,4219,503,767,4091.5,635.0,2
445,NYALE-04_000445.JPG,1396,1544,663,795,1470.0,729.0,17
459,NYALE-04_000459.JPG,1377,1540,594,783,1458.5,688.5,17
459,NYALE-04_000459.JPG,4794,5049,0,145,4921.5,72.5,5
459,NYALE-04_000459.JPG,5080,5398,1525,1786,5239.0,1655.5,9
459,NYALE-04_000459.JPG,4659,4964,1500,1780,4811.5,1640.0,4
459,NYALE-04_000459.JPG,2003,2217,1056,1292,2110.0,1174.0,7
459,NYALE-04_000459.JPG,4059,4377,795,1081,4218.0,938.0,2
459,NYALE-04_000459.JPG,3678,3961,742,1006,3819.5,874.0,6
459,NYALE-04_000459.JPG,4568,4848,865,1151,4708.0,1008.0,1
459,NYALE-04_000459.JPG,3940,4206,1349,1577,4073.0,1463.0,0
459,NYALE-04_000459.JPG,5253,5448,827,1028,5350.5,927.5,16
459,NYALE-04_000459.JPG,4150,4474,503,802,4312.0,652.5,18
459,NYALE-04_000459.JPG,4187,4492,248,512,4339.5,380.0,19
459,NYALE-04_000459.JPG,4826,5021,880,1109,4923.5,994.5,20
460,NYALE-04_000460.JPG,4823,5042,869,1104,4932.5,986.5,20
460,NYALE-04_000460.JPG,4172,4492,489,773,4332.0,631.0,18
460,NYALE-04_000460.JPG,4215,4511,236,483,4363.0,359.5,19
460,NYALE-04_000460.JPG,1394,1562,578,766,1478.0,672.0,17
460,NYALE-04_000460.JPG,5108,5406,1492,1754,5257.0,1623.0,9
460,NYALE-04_000460.JPG,4793,5059,0,143,4926.0,71.5,5
460,NYALE-04_000460.JPG,4697,4967,1466,1754,4832.0,1610.0,4
460,NYALE-04_000460.JPG,4073,4389,774,1064,4231.0,919.0,2
460,NYALE-04_000460.JPG,2014,2225,1053,1273,2119.5,1163.0,7
460,NYALE-04_000460.JPG,3690,3971,703,970,3830.5,836.5,6
460,NYALE-04_000460.JPG,4567,4853,841,1126,4710.0,983.5,1
460,NYALE-04_000460.JPG,3949,4212,1321,1564,4080.5,1442.5,0
460,NYALE-04_000460.JPG,5269,5469,818,1021,5369.0,919.5,16
463,NYALE-04_000463.JPG,4122,4435,737,1010,4278.5,873.5,2
463,NYALE-04_000463.JPG,2056,2283,1042,1274,2169.5,1158.0,7
463,NYALE-04_000463.JPG,3787,4050,623,884,3918.5,753.5,6
463,NYALE-04_000463.JPG,4030,4282,1282,1533,4156.0,1407.5,0
463,NYALE-04_000463.JPG,4888,5149,1,118,5018.5,59.5,5
463,NYALE-04_000463.JPG,4639,4906,782,1069,4772.5,925.5,1
463,NYALE-04_000463.JPG,4876,5092,818,1053,4984.0,935.5,20
463,NYALE-04_000463.JPG,4294,4572,231,480,4433.0,355.5,19
463,NYALE-04_000463.JPG,4746,4998,1421,1723,4872.0,1572.0,4
463,NYALE-04_000463.JPG,4245,4569,468,744,4407.0,606.0,18
463,NYALE-04_000463.JPG,5178,5441,1376,1637,5309.5,1506.5,9
463,NYALE-04_000463.JPG,1445,1652,495,688,1548.5,591.5,17
463,NYALE-04_000463.JPG,5316,5519,716,927,5417.5,821.5,16
466,NYALE-04_000466.JPG,4150,4460,738,1007,4305.0,872.5,2
466,NYALE-04_000466.JPG,2054,2262,1046,1271,2158.0,1158.5,7
466,NYALE-04_000466.JPG,1395,1584,529,722,1489.5,625.5,17
466,NYALE-04_000466.JPG,4288,4567,234,480,4427.5,357.0,19
466,NYALE-04_000466.JPG,4889,5090,818,1072,4989.5,945.0,20
466,NYALE-04_000466.JPG,3825,4071,662,923,3948.0,792.5,6
466,NYALE-04_000466.JPG,5160,5435,1430,1721,5297.5,1575.5,9
466,NYALE-04_000466.JPG,4059,4302,1293,1543,4180.5,1418.0,0
466,NYALE-04_000466.JPG,4917,5154,0,112,5035.5,56.0,5
466,NYALE-04_000466.JPG,4282,4591,484,754,4436.5,619.0,18
466,NYALE-04_000466.JPG,4649,4895,827,1114,4772.0,970.5,1
466,NYALE-04_000466.JPG,4747,5000,1452,1753,4873.5,1602.5,4
466,NYALE-04_000466.JPG,5323,5521,725,945,5422.0,835.0,16
467,NYALE-04_000467.JPG,3780,4040,667,927,3910.0,797.0,6
467,NYALE-04_000467.JPG,4255,4538,225,465,4396.5,345.0,19
467,NYALE-04_000467.JPG,4863,5091,829,1083,4977.0,956.0,20
467,NYALE-04_000467.JPG,1380,1544,553,748,1462.0,650.5,17
467,NYALE-04_000467.JPG,4137,4444,734,1003,4290.5,868.5,2
467,NYALE-04_000467.JPG,4871,5116,1,104,4993.5,52.5,5
467,NYALE-04_000467.JPG,4244,4558,468,735,4401.0,601.5,18
467,NYALE-04_000467.JPG,5144,5429,1452,1727,5286.5,1589.5,9
467,NYALE-04_000467.JPG,2025,2237,1046,1269,2131.0,1157.5,7
467,NYALE-04_000467.JPG,4016,4273,1312,1561,4144.5,1436.5,0
467,NYALE-04_000467.JPG,4734,4995,1465,1761,4864.5,1613.0,4
467,NYALE-04_000467.JPG,4617,4895,843,1125,4756.0,984.0,1
467,NYALE-04_000467.JPG,5307,5515,749,964,5411.0,856.5,16
468,NYALE-04_000468.JPG,4878,5095,838,1090,4986.5,964.0,20
468,NYALE-04_000468.JPG,1371,1546,543,746,1458.5,644.5,17
468,NYALE-04_000468.JPG,4256,4559,208,456,4407.5,332.0,19
468,NYALE-04_000468.JPG,4159,4467,733,1000,4313.0,866.5,2
468,NYALE-04_000468.JPG,4869,5122,4,104,4995.5,54.0,5
468,NYALE-04_000468.JPG,3783,4051,684,954,3917.0,819.0,6
468,NYALE-04_000468.JPG,5136,5427,1451,1732,5281.5,1591.5,9
468,NYALE-04_000468.JPG,4263,4575,458,730,4419.0,594.0,18
468,NYALE-04_000468.JPG,4032,4289,1311,1555,4160.5,1433.0,0
468,NYALE-04_000468.JPG,2022,2243,1030,1255,2132.5,1142.5,7
468,NYALE-04_000468.JPG,5315,5524,764,987,5419.5,875.5,16
468,NYALE-04_000468.JPG,4742,4997,1465,1767,4869.5,1616.0,4
468,NYALE-04_000468.JPG,4634,4896,858,1137,4765.0,997.5,1
469,NYALE-04_000469.JPG,4867,5092,846,1096,4979.5,971.0,20
469,NYALE-04_000469.JPG,1371,1550,551,748,1460.5,649.5,17
469,NYALE-04_000469.JPG,4240,4538,210,450,4389.0,330.0,19
469,NYALE-04_000469.JPG,4141,4452,730,1004,4296.5,867.0,2
469,NYALE-04_000469.JPG,4237,4557,456,722,4397.0,589.0,18
469,NYALE-04_000469.JPG,3762,4033,688,956,3897.5,822.0,6
469,NYALE-04_000469.JPG,4835,5101,0,100,4968.0,50.0,5
469,NYALE-04_000469.JPG,5133,5429,1457,1729,5281.0,1593.0,9
469,NYALE-04_000469.JPG,4012,4267,1308,1551,4139.5,1429.5,0
469,NYALE-04_000469.JPG,5317,5520,784,996,5418.5,890.0,16
469,NYALE-04_000469.JPG,2006,2221,1026,1254,2113.5,1140.0,7
469,NYALE-04_000469.JPG,4731,4993,1481,1770,4862.0,1625.5,4
469,NYALE-04_000469.JPG,4616,4888,856,1134,4752.0,995.0,1
471,NYALE-04_000471.JPG,4023,4272,1278,1522,4147.5,1400.0,0
471,NYALE-04_000471.JPG,4146,4456,730,1002,4301.0,866.0,2
471,NYALE-04_000471.JPG,4878,5103,828,1078,4990.5,953.0,20
471,NYALE-04_000471.JPG,3780,4046,679,945,3913.0,812.0,6
471,NYALE-04_000471.JPG,4245,4563,456,717,4404.0,586.5,18
471,NYALE-04_000471.JPG,4269,4561,205,446,4415.0,325.5,19
471,NYALE-04_000471.JPG,4860,5108,0,96,4984.0,48.0,5
471,NYALE-04_000471.JPG,1393,1572,509,703,1482.5,606.0,17
471,NYALE-04_000471.JPG,5150,5431,1422,1685,5290.5,1553.5,9
471,NYALE-04_000471.JPG,4628,4899,830,1110,4763.5,970.0,1
471,NYALE-04_000471.JPG,5334,5532,773,986,5433.0,879.5,16
471,NYALE-04_000471.JPG,2017,2230,1025,1250,2123.5,1137.5,7
471,NYALE-04_000471.JPG,4738,5000,1466,1753,4869.0,1609.5,4
472,NYALE-04_000472.JPG,4021,4281,1269,1524,4151.0,1396.5,0
472,NYALE-04_000472.JPG,4146,4456,735,1003,4301.0,869.0,2
472,NYALE-04_000472.JPG,3786,4048,671,936,3917.0,803.5,6
472,NYALE-04_000472.JPG,4246,4567,462,725,4406.5,593.5,18
472,NYALE-04_000472.JPG,4281,4565,211,451,4423.0,331.0,19
472,NYALE-04_000472.JPG,4885,5107,817,1065,4996.0,941.0,20
472,NYALE-04_000472.JPG,4877,5119,2,98,4998.0,50.0,5
472,NYALE-04_000472.JPG,2019,2248,1027,1266,2133.5,1146.5,7
472,NYALE-04_000472.JPG,1403,1591,497,691,1497.0,594.0,17
472,NYALE-04_000472.JPG,4630,4902,825,1106,4766.0,965.5,1
472,NYALE-04_000472.JPG,5150,5439,1403,1681,5294.5,1542.0,9
472,NYALE-04_000472.JPG,5332,5536,748,968,5434.0,858.0,16
472,NYALE-04_000472.JPG,4738,5006,1455,1753,4872.0,1604.0,4
473,NYALE-04_000473.JPG,4843,5113,1,125,4978.0,63.0,5
473,NYALE-04_000473.JPG,4273,4564,228,478,4418.5,353.0,19
473,NYALE-04_000473.JPG,1370,1565,524,720,1467.5,622.0,17
473,NYALE-04_000473.JPG,5135,5425,1456,1735,5280.0,1595.5,9
473,NYALE-04_000473.JPG,4869,5094,866,1125,4981.5,995.5,20
473,NYALE-04_000473.JPG,4233,4544,500,788,4388.5,644.0,18
473,NYALE-04_000473.JPG,5321,5525,783,997,5423.0,890.0,16
473,NYALE-04_000473.JPG,4096,4417,774,1053,4256.5,913.5,2
473,NYALE-04_000473.JPG,2008,2227,1084,1320,2117.5,1202.0,7
473,NYALE-04_000473.JPG,3739,4019,720,996,3879.0,858.0,6
473,NYALE-04_000473.JPG,3964,4225,1321,1574,4094.5,1447.5,0
473,NYALE-04_000473.JPG,4709,4985,1501,1794,4847.0,1647.5,4
473,NYALE-04_000473.JPG,4611,4874,904,1184,4742.5,1044.0,1
474,NYALE-04_000474.JPG,1375,1582,527,728,1478.5,627.5,17
474,NYALE-04_000474.JPG,4879,5111,841,1096,4995.0,968.5,20
474,NYALE-04_000474.JPG,4121,4438,740,1030,4279.5,885.0,2
474,NYALE-04_000474.JPG,4261,4572,471,757,4416.5,614.0,18
474,NYALE-04_000474.JPG,4883,5136,1,116,5009.5,58.5,5
474,NYALE-04_000474.JPG,4290,4588,219,468,4439.0,343.5,19
474,NYALE-04_000474.JPG,2030,2247,1064,1310,2138.5,1187.0,7
474,NYALE-04_000474.JPG,5144,5440,1440,1735,5292.0,1587.5,9
474,NYALE-04_000474.JPG,3767,4043,700,972,3905.0,836.0,6
474,NYALE-04_000474.JPG,4009,4272,1301,1550,4140.5,1425.5,0
474,NYALE-04_000474.JPG,5331,5534,765,984,5432.5,874.5,16
474,NYALE-04_000474.JPG,4720,4988,1470,1765,4854.0,1617.5,4
474,NYALE-04_000474.JPG,4626,4894,858,1146,4760.0,1002.0,1
475,NYALE-04_000475.JPG,4268,4563,228,482,4415.5,355.0,19
475,NYALE-04_000475.JPG,4837,5100,0,146,4968.5,73.0,5
475,NYALE-04_000475.JPG,5303,5513,800,1016,5408.0,908.0,16
475,NYALE-04_000475.JPG,4236,4551,497,778,4393.5,637.5,18
475,NYALE-04_000475.JPG,4857,5086,894,1147,4971.5,1020.5,20
475,NYALE-04_000475.JPG,1354,1531,588,783,1442.5,685.5,17
475,NYALE-04_000475.JPG,4090,4404,775,1065,4247.0,920.0,2
475,NYALE-04_000475.JPG,5128,5426,1520,1783,5277.0,1651.5,9
475,NYALE-04_000475.JPG,3728,4009,734,1006,3868.5,870.0,6
475,NYALE-04_000475.JPG,2002,2217,1110,1342,2109.5,1226.0,7
475,NYALE-04_000475.JPG,4707,4977,1503,1788,4842.0,1645.5,4
475,NYALE-04_000475.JPG,3984,4235,1341,1579,4109.5,1460.0,0
475,NYALE-04_000475.JPG,4606,4880,933,1208,4743.0,1070.5,1
477,NYALE-04_000477.JPG,5272,5498,789,1012,5385.0,900.5,16
477,NYALE-04_000477.JPG,4223,4528,215,479,4375.5,347.0,19
477,NYALE-04_000477.JPG,4204,4528,482,781,4366.0,631.5,18
477,NYALE-04_000477.JPG,5104,5422,1486,1747,5263.0,1616.5,9
477,NYALE-04_000477.JPG,4819,5074,0,129,4946.5,64.5,5
477,NYALE-04_000477.JPG,4838,5060,872,1132,4949.0,1002.0,20
477,NYALE-04_000477.JPG,4095,4413,756,1042,4254.0,899.0,2
477,NYALE-04_000477.JPG,1355,1525,594,805,1440.0,699.5,17
477,NYALE-04_000477.JPG,4659,4964,1500,1780,4811.5,1640.0,4
477,NYALE-04_000477.JPG,3708,3991,721,985,3849.5,853.0,6
477,NYALE-04_000477.JPG,1988,2202,1068,1304,2095.0,1186.0,7
477,NYALE-04_000477.JPG,3963,4230,1355,1584,4096.5,1469.5,0
477,NYALE-04_000477.JPG,4595,4875,883,1169,4735.0,1026.0,1
481,NYALE-04_000481.JPG,5278,5490,829,1050,5384.0,939.5,16
481,NYALE-04_000481.JPG,5071,5415,1509,1781,5243.0,1645.0,9
481,NYALE-04_000481.JPG,1340,1507,623,827,1423.5,725.0,17
481,NYALE-04_000481.JPG,4746,5015,3,175,4880.5,89.0,5
481,NYALE-04_000481.JPG,4786,5028,922,1183,4907.0,1052.5,20
481,NYALE-04_000481.JPG,4664,4942,1554,1817,4803.0,1685.5,4
481,NYALE-04_000481.JPG,1976,2183,1126,1366,2079.5,1246.0,7
481,NYALE-04_000481.JPG,4125,4442,553,860,4283.5,706.5,18
481,NYALE-04_000481.JPG,4100,4415,264,554,4257.5,409.0,19
481,NYALE-04_000481.JPG,4542,4835,946,1221,4688.5,1083.5,1
481,NYALE-04_000481.JPG,4017,4331,871,1169,4174.0,1020.0,2
481,NYALE-04_000481.JPG,3900,4158,1429,1661,4029.0,1545.0,0
481,NYALE-04_000481.JPG,3620,3913,827,1099,3766.5,963.0,6
481,NYALE-04_000481.JPG,3571,3839,4,82,3705.0,43.0,21
481,NYALE-04_000481.JPG,2902,3155,1,111,3028.5,56.0,22
482,NYALE-04_000482.JPG,2901,3158,1,124,3029.5,62.5,22
482,NYALE-04_000482.JPG,3567,3817,2,89,3692.0,45.5,21
482,NYALE-04_000482.JPG,5282,5488,834,1050,5385.0,942.0,16
482,NYALE-04_000482.JPG,1997,2209,1133,1366,2103.0,1249.5,7
482,NYALE-04_000482.JPG,1331,1500,632,833,1415.5,732.5,17
482,NYALE-04_000482.JPG,5054,5367,1552,1808,5210.5,1680.0,9
482,NYALE-04_000482.JPG,4648,4925,1554,1809,4786.5,1681.5,4
482,NYALE-04_000482.JPG,4725,4993,1,163,4859.0,82.0,5
482,NYALE-04_000482.JPG,4800,5038,974,1223,4919.0,1098.5,20
482,NYALE-04_000482.JPG,4097,4401,271,547,4249.0,409.0,19
482,NYALE-04_000482.JPG,4094,4411,577,871,4252.5,724.0,18
482,NYALE-04_000482.JPG,3881,4110,1443,1673,3995.5,1558.0,0
482,NYALE-04_000482.JPG,3995,4309,911,1204,4152.0,1057.5,2
482,NYALE-04_000482.JPG,4518,4811,1034,1287,4664.5,1160.5,1
482,NYALE-04_000482.JPG,3551,3834,871,1131,3692.5,1001.0,6
484,NYALE-04_000484.JPG,5324,5531,804,1028,5427.5,916.0,16
484,NYALE-04_000484.JPG,1333,1510,601,820,1421.5,710.5,17
484,NYALE-04_000484.JPG,4763,5027,3,188,4895.0,95.5,5
484,NYALE-04_000484.JPG,4648,4921,1557,1791,4784.5,1674.0,4
484,NYALE-04_000484.JPG,1973,2198,1144,1367,2085.5,1255.5,7
484,NYALE-04_000484.JPG,4833,5070,964,1221,4951.5,1092.5,20
484,NYALE-04_000484.JPG,4114,4436,541,830,4275.0,685.5,18
484,NYALE-04_000484.JPG,5122,5412,1582,1834,5267.0,1708.0,9
484,NYALE-04_000484.JPG,3953,4154,1362,1599,4053.5,1480.5,0
484,NYALE-04_000484.JPG,4105,4421,278,570,4263.0,424.0,19
484,NYALE-04_000484.JPG,4590,4815,971,1221,4702.5,1096.0,1
484,NYALE-04_000484.JPG,3989,4311,911,1168,4150.0,1039.5,2
484,NYALE-04_000484.JPG,3581,3879,888,1145,3730.0,1016.5,6
487,NYALE-04_000487.JPG,4835,5093,-1,132,4964.0,65.5,5
487,NYALE-04_000487.JPG,4184,4517,501,786,4350.5,643.5,18
487,NYALE-04_000487.JPG,4247,4555,245,517,4401.0,381.0,19
487,NYALE-04_000487.JPG,4877,5111,888,1159,4994.0,1023.5,20
487,NYALE-04_000487.JPG,2002,2225,1110,1342,2113.5,1226.0,7
487,NYALE-04_000487.JPG,1335,1526,610,825,1430.5,717.5,17
487,NYALE-04_000487.JPG,4691,4956,1530,1766,4823.5,1648.0,4
487,NYALE-04_000487.JPG,5370,5558,758,986,5464.0,872.0,16
487,NYALE-04_000487.JPG,5189,5469,1491,1763,5329.0,1627.0,9
487,NYALE-04_000487.JPG,4004,4201,1390,1602,4102.5,1496.0,0
487,NYALE-04_000487.JPG,4636,4849,939,1169,4742.5,1054.0,1
487,NYALE-04_000487.JPG,4051,4380,887,1100,4215.5,993.5,2
487,NYALE-04_000487.JPG,3637,3931,855,1118,3784.0,986.5,6
487,NYALE-04_000487.JPG,5395,5597,1124,1286,5496.0,1205.0,23
489,NYALE-04_000489.JPG,4875,5130,0,135,5002.5,67.5,5
489,NYALE-04_000489.JPG,2002,2231,1103,1349,2116.5,1226.0,7
489,NYALE-04_000489.JPG,4257,4580,520,829,4418.5,674.5,18
489,NYALE-04_000489.JPG,4848,5101,919,1207,4974.5,1063.0,20
489,NYALE-04_000489.JPG,1341,1533,628,863,1437.0,745.5,17
489,NYALE-04_000489.JPG,4329,4598,221,476,4463.5,348.5,19
489,NYALE-04_000489.JPG,4689,4957,1556,1806,4823.0,1681.0,4
489,NYALE-04_000489.JPG,5345,5560,870,1101,5452.5,985.5,16
489,NYALE-04_000489.JPG,5178,5470,1538,1807,5324.0,1672.5,9
489,NYALE-04_000489.JPG,5401,5603,1234,1396,5502.0,1315.0,23
489,NYALE-04_000489.JPG,3993,4190,1395,1633,4091.5,1514.0,0
489,NYALE-04_000489.JPG,4071,4415,899,1119,4243.0,1009.0,2
489,NYALE-04_000489.JPG,4628,4841,964,1212,4734.5,1088.0,1
489,NYALE-04_000489.JPG,3685,3979,847,1117,3832.0,982.0,6
492,NYALE-04_000492.JPG,4921,5158,0,177,5039.5,88.5,5
492,NYALE-04_000492.JPG,2022,2247,1135,1377,2134.5,1256.0,7
492,NYALE-04_000492.JPG,5423,5613,1250,1413,5518.0,1331.5,23
492,NYALE-04_000492.JPG,1335,1512,640,861,1423.5,750.5,17
492,NYALE-04_000492.JPG,4353,4608,235,487,4480.5,361.0,19
492,NYALE-04_000492.JPG,4693,4926,1584,1813,4809.5,1698.5,4
492,NYALE-04_000492.JPG,4849,5096,975,1240,4972.5,1107.5,20
492,NYALE-04_000492.JPG,4142,4446,894,1129,4294.0,1011.5,2
492,NYALE-04_000492.JPG,5326,5542,915,1129,5434.0,1022.0,16
492,NYALE-04_000492.JPG,5151,5458,1590,1844,5304.5,1717.0,9
492,NYALE-04_000492.JPG,3985,4168,1430,1635,4076.5,1532.5,0
492,NYALE-04_000492.JPG,4345,4628,560,858,4486.5,709.0,18
492,NYALE-04_000492.JPG,4644,4848,992,1229,4746.0,1110.5,1
492,NYALE-04_000492.JPG,3760,4034,845,1117,3897.0,981.0,6
492,NYALE-04_000492.JPG,2946,3211,0,97,3078.5,48.5,24
493,NYALE-04_000493.JPG,5423,5613,1241,1404,5518.0,1322.5,23
493,NYALE-04_000493.JPG,1329,1517,609,830,1423.0,719.5,17
493,NYALE-04_000493.JPG,4918,5160,0,161,5039.0,80.5,5
493,NYALE-04_000493.JPG,2030,2259,1142,1380,2144.5,1261.0,7
493,NYALE-04_000493.JPG,4702,4931,1569,1803,4816.5,1686.0,4
493,NYALE-04_000493.JPG,4347,4606,234,497,4476.5,365.5,19
493,NYALE-04_000493.JPG,4034,4217,1404,1609,4125.5,1506.5,0
493,NYALE-04_000493.JPG,5330,5542,900,1116,5436.0,1008.0,16
493,NYALE-04_000493.JPG,4856,5110,971,1236,4983.0,1103.5,20
493,NYALE-04_000493.JPG,4203,4493,896,1116,4348.0,1006.0,2
493,NYALE-04_000493.JPG,5148,5463,1585,1843,5305.5,1714.0,9
493,NYALE-04_000493.JPG,4653,4864,973,1210,4758.5,1091.5,1
493,NYALE-04_000493.JPG,4354,4635,545,849,4494.5,697.0,18
493,NYALE-04_000493.JPG,3793,4057,820,1095,3925.0,957.5,6
496,NYALE-04_000496.JPG,2001,2231,1042,1290,2116.0,1166.0,7
496,NYALE-04_000496.JPG,4043,4226,1390,1595,4134.5,1492.5,0
496,NYALE-04_000496.JPG,5456,5647,1135,1305,5551.5,1220.0,23
496,NYALE-04_000496.JPG,5375,5588,769,1003,5481.5,886.0,16
496,NYALE-04_000496.JPG,4740,4971,1563,1823,4855.5,1693.0,4
496,NYALE-04_000496.JPG,1316,1537,480,687,1426.5,583.5,17
496,NYALE-04_000496.JPG,4659,4870,956,1193,4764.5,1074.5,1
496,NYALE-04_000496.JPG,4323,4604,181,386,4463.5,283.5,19
496,NYALE-04_000496.JPG,5225,5484,1510,1803,5354.5,1656.5,9
496,NYALE-04_000496.JPG,4923,5145,959,1231,5034.0,1095.0,20
496,NYALE-04_000496.JPG,3904,4113,720,1000,4008.5,860.0,6
496,NYALE-04_000496.JPG,4346,4640,434,693,4493.0,563.5,18
496,NYALE-04_000496.JPG,4302,4566,824,1023,4434.0,923.5,2
499,NYALE-04_000499.JPG,5459,5644,1151,1325,5551.5,1238.0,23
499,NYALE-04_000499.JPG,1310,1475,552,775,1392.5,663.5,17
499,NYALE-04_000499.JPG,3997,4196,1375,1592,4096.5,1483.5,0
499,NYALE-04_000499.JPG,4917,5144,936,1213,5030.5,1074.5,20
499,NYALE-04_000499.JPG,4248,4570,434,672,4409.0,553.0,18
499,NYALE-04_000499.JPG,4726,4957,1566,1826,4841.5,1696.0,4
499,NYALE-04_000499.JPG,4287,4582,173,374,4434.5,273.5,19
499,NYALE-04_000499.JPG,4619,4811,939,1183,4715.0,1061.0,1
499,NYALE-04_000499.JPG,1955,2171,1061,1303,2063.0,1182.0,7
499,NYALE-04_000499.JPG,5403,5590,745,983,5496.5,864.0,16
499,NYALE-04_000499.JPG,5226,5485,1534,1821,5355.5,1677.5,9
499,NYALE-04_000499.JPG,3881,4107,726,1023,3994.0,874.5,6
499,NYALE-04_000499.JPG,4261,4549,847,1049,4405.0,948.0,2
500,NYALE-04_000500.JPG,5459,5653,1153,1337,5556.0,1245.0,23
500,NYALE-04_000500.JPG,1299,1479,578,820,1389.0,699.0,17
500,NYALE-04_000500.JPG,4203,4536,436,691,4369.5,563.5,18
500,NYALE-04_000500.JPG,4276,4588,182,387,4432.0,284.5,19
500,NYALE-04_000500.JPG,3973,4173,1376,1589,4073.0,1482.5,0
500,NYALE-04_000500.JPG,4937,5151,923,1212,5044.0,1067.5,20
500,NYALE-04_000500.JPG,4623,4823,946,1184,4723.0,1065.0,1
500,NYALE-04_000500.JPG,4740,4971,1566,1826,4855.5,1696.0,4
500,NYALE-04_000500.JPG,5410,5602,778,1019,5506.0,898.5,16
500,NYALE-04_000500.JPG,4219,4515,872,1092,4367.0,982.0,2
500,NYALE-04_000500.JPG,1934,2153,1063,1326,2043.5,1194.5,7
500,NYALE-04_000500.JPG,3873,4101,776,1072,3987.0,924.0,6
500,NYALE-04_000500.JPG,5255,5502,1533,1828,5378.5,1680.5,9
503,NYALE-04_000503.JPG,5434,5632,1222,1391,5533.0,1306.5,23
503,NYALE-04_000503.JPG,4284,4581,200,402,4432.5,301.0,19
503,NYALE-04_000503.JPG,4929,5152,928,1192,5040.5,1060.0,20
503,NYALE-04_000503.JPG,4734,4965,1583,1831,4849.5,1707.0,4
503,NYALE-04_000503.JPG,4610,4803,954,1191,4706.5,1072.5,1
503,NYALE-04_000503.JPG,4125,4448,493,780,4286.5,636.5,18
503,NYALE-04_000503.JPG,3952,4142,1402,1612,4047.0,1507.0,0
503,NYALE-04_000503.JPG,1305,1459,657,887,1382.0,772.0,17
503,NYALE-04_000503.JPG,1938,2140,1127,1371,2039.0,1249.0,7
503,NYALE-04_000503.JPG,4182,4471,927,1132,4326.5,1029.5,2
503,NYALE-04_000503.JPG,5429,5612,894,1109,5520.5,1001.5,16
503,NYALE-04_000503.JPG,3819,4075,859,1129,3947.0,994.0,6
503,NYALE-04_000503.JPG,5208,5486,1640,1885,5347.0,1762.5,9
503,NYALE-04_000503.JPG,4835,5087,2,102,4961.0,52.0,25
504,NYALE-04_000504.JPG,4203,4527,472,754,4365.0,613.0,18
504,NYALE-04_000504.JPG,4868,5101,0,79,4984.5,39.5,25
504,NYALE-04_000504.JPG,5437,5634,1223,1398,5535.5,1310.5,23
504,NYALE-04_000504.JPG,4003,4175,1373,1573,4089.0,1473.0,0
504,NYALE-04_000504.JPG,1980,2196,1103,1340,2088.0,1221.5,7
504,NYALE-04_000504.JPG,1313,1482,604,832,1397.5,718.0,17
504,NYALE-04_000504.JPG,4660,4861,954,1170,4760.5,1062.0,1
504,NYALE-04_000504.JPG,4910,5138,941,1209,5024.0,1075.0,20
504,NYALE-04_000504.JPG,4293,4589,191,384,4441.0,287.5,19
504,NYALE-04_000504.JPG,4737,4968,1578,1826,4852.5,1702.0,4
504,NYALE-04_000504.JPG,4201,4496,908,1105,4348.5,1006.5,2
504,NYALE-04_000504.JPG,5400,5599,889,1111,5499.5,1000.0,16
504,NYALE-04_000504.JPG,5215,5485,1610,1870,5350.0,1740.0,9
504,NYALE-04_000504.JPG,3837,4092,845,1120,3964.5,982.5,6
507,NYALE-04_000507.JPG,4657,4858,911,1127,4757.5,1019.0,1
507,NYALE-04_000507.JPG,2026,2239,1055,1284,2132.5,1169.5,7
507,NYALE-04_000507.JPG,4039,4222,1370,1575,4130.5,1472.5,0
507,NYALE-04_000507.JPG,4900,5140,909,1182,5020.0,1045.5,20
507,NYALE-04_000507.JPG,4901,5140,3,86,5020.5,44.5,25
507,NYALE-04_000507.JPG,4711,4942,1555,1803,4826.5,1679.0,4
507,NYALE-04_000507.JPG,5172,5480,1483,1789,5326.0,1636.0,9
507,NYALE-04_000507.JPG,5424,5623,1128,1314,5523.5,1221.0,23
507,NYALE-04_000507.JPG,1342,1540,515,728,1441.0,621.5,17
507,NYALE-04_000507.JPG,4294,4602,458,739,4448.0,598.5,18
507,NYALE-04_000507.JPG,4314,4607,191,408,4460.5,299.5,19
507,NYALE-04_000507.JPG,5371,5570,743,984,5470.5,863.5,16
507,NYALE-04_000507.JPG,3805,4076,775,1054,3940.5,914.5,6
507,NYALE-04_000507.JPG,4226,4512,851,1063,4369.0,957.0,2
508,NYALE-04_000508.JPG,2038,2253,1059,1286,2145.5,1172.5,7
508,NYALE-04_000508.JPG,4651,4852,919,1135,4751.5,1027.0,1
508,NYALE-04_000508.JPG,4902,5134,1,99,5018.0,50.0,25
508,NYALE-04_000508.JPG,5166,5452,1472,1756,5309.0,1614.0,9
508,NYALE-04_000508.JPG,4724,4948,1552,1781,4836.0,1666.5,4
508,NYALE-04_000508.JPG,4049,4232,1369,1574,4140.5,1471.5,0
508,NYALE-04_000508.JPG,4896,5133,920,1192,5014.5,1056.0,20
508,NYALE-04_000508.JPG,4305,4600,200,424,4452.5,312.0,19
508,NYALE-04_000508.JPG,1350,1550,512,718,1450.0,615.0,17
508,NYALE-04_000508.JPG,3799,4075,770,1051,3937.0,910.5,6
508,NYALE-04_000508.JPG,5432,5623,1110,1283,5527.5,1196.5,23
508,NYALE-04_000508.JPG,4307,4614,480,752,4460.5,616.0,18
508,NYALE-04_000508.JPG,4226,4512,851,1063,4369.0,957.0,2
508,NYALE-04_000508.JPG,5346,5555,721,945,5450.5,833.0,16
510,NYALE-04_000510.JPG,4672,4873,885,1101,4772.5,993.0,1
510,NYALE-04_000510.JPG,4745,4965,1531,1751,4855.0,1641.0,4
510,NYALE-04_000510.JPG,4920,5175,0,85,5047.5,42.5,25
510,NYALE-04_000510.JPG,4920,5159,877,1157,5039.5,1017.0,20
510,NYALE-04_000510.JPG,2068,2282,1027,1263,2175.0,1145.0,7
510,NYALE-04_000510.JPG,4095,4278,1352,1557,4186.5,1454.5,0
510,NYALE-04_000510.JPG,4342,4609,189,453,4475.5,321.0,19
510,NYALE-04_000510.JPG,5171,5470,1418,1714,5320.5,1566.0,9
510,NYALE-04_000510.JPG,1374,1594,500,711,1484.0,605.5,17
510,NYALE-04_000510.JPG,3845,4100,736,1010,3972.5,873.0,6
510,NYALE-04_000510.JPG,5451,5636,1088,1270,5543.5,1179.0,23
510,NYALE-04_000510.JPG,5382,5589,732,977,5485.5,854.5,16
510,NYALE-04_000510.JPG,4269,4555,837,1049,4412.0,943.0,2
510,NYALE-04_000510.JPG,4386,4672,481,758,4529.0,619.5,18
513,NYALE-04_000513.JPG,5428,5645,1163,1359,5536.5,1261.0,23
513,NYALE-04_000513.JPG,1344,1552,543,776,1448.0,659.5,17
513,NYALE-04_000513.JPG,4654,4855,888,1104,4754.5,996.0,1
513,NYALE-04_000513.JPG,2032,2250,1058,1299,2141.0,1178.5,7
513,NYALE-04_000513.JPG,4738,4958,1534,1754,4848.0,1644.0,4
513,NYALE-04_000513.JPG,4069,4252,1343,1548,4160.5,1445.5,0
513,NYALE-04_000513.JPG,4908,5162,854,1144,5035.0,999.0,20
513,NYALE-04_000513.JPG,4940,5183,-1,83,5061.5,41.0,25
513,NYALE-04_000513.JPG,3811,4094,733,1019,3952.5,876.0,6
513,NYALE-04_000513.JPG,5196,5482,1457,1761,5339.0,1609.0,9
513,NYALE-04_000513.JPG,4321,4613,194,446,4467.0,320.0,19
513,NYALE-04_000513.JPG,5387,5603,826,1065,5495.0,945.5,16
513,NYALE-04_000513.JPG,4242,4533,860,1064,4387.5,962.0,2
513,NYALE-04_000513.JPG,4351,4653,490,777,4502.0,633.5,18
514,NYALE-04_000514.JPG,4908,5130,1,78,5019.0,39.5,25
514,NYALE-04_000514.JPG,4660,4861,899,1115,4760.5,1007.0,1
514,NYALE-04_000514.JPG,4051,4216,1347,1537,4133.5,1442.0,0
514,NYALE-04_000514.JPG,2005,2219,1064,1305,2112.0,1184.5,7
514,NYALE-04_000514.JPG,4738,4958,1534,1754,4848.0,1644.0,4
514,NYALE-04_000514.JPG,5439,5641,1180,1375,5540.0,1277.5,23
514,NYALE-04_000514.JPG,1328,1524,550,780,1426.0,665.0,17
514,NYALE-04_000514.JPG,3781,4069,723,1004,3925.0,863.5,6
514,NYALE-04_000514.JPG,4911,5150,870,1149,5030.5,1009.5,20
514,NYALE-04_000514.JPG,4297,4598,190,441,4447.5,315.5,19
514,NYALE-04_000514.JPG,5204,5495,1486,1805,5349.5,1645.5,9
514,NYALE-04_000514.JPG,4313,4621,483,764,4467.0,623.5,18
514,NYALE-04_000514.JPG,5393,5595,837,1068,5494.0,952.5,16
514,NYALE-04_000514.JPG,4221,4502,862,1058,4361.5,960.0,2
516,NYALE-04_000516.JPG,4637,4838,908,1124,4737.5,1016.0,1
516,NYALE-04_000516.JPG,4154,4439,803,984,4296.5,893.5,2
516,NYALE-04_000516.JPG,4750,4970,1528,1748,4860.0,1638.0,4
516,NYALE-04_000516.JPG,3964,4161,1344,1544,4062.5,1444.0,0
516,NYALE-04_000516.JPG,1308,1471,535,763,1389.5,649.0,17
516,NYALE-04_000516.JPG,5464,5668,1222,1416,5566.0,1319.0,23
516,NYALE-04_000516.JPG,5434,5620,820,1046,5527.0,933.0,16
516,NYALE-04_000516.JPG,4986,5175,839,1118,5080.5,978.5,20
516,NYALE-04_000516.JPG,1938,2143,1027,1257,2040.5,1142.0,7
516,NYALE-04_000516.JPG,4215,4520,148,346,4367.5,247.0,19
516,NYALE-04_000516.JPG,5309,5505,1470,1746,5407.0,1608.0,9
516,NYALE-04_000516.JPG,3683,3984,580,845,3833.5,712.5,6
516,NYALE-04_000516.JPG,4131,4436,345,618,4283.5,481.5,18
517,NYALE-04_000517.JPG,4660,4861,916,1132,4760.5,1024.0,1
517,NYALE-04_000517.JPG,4753,4973,1516,1736,4863.0,1626.0,4
517,NYALE-04_000517.JPG,4157,4457,778,972,4307.0,875.0,2
517,NYALE-04_000517.JPG,3958,4167,1342,1566,4062.5,1454.0,0
517,NYALE-04_000517.JPG,1293,1472,530,769,1382.5,649.5,17
517,NYALE-04_000517.JPG,5497,5692,1205,1409,5594.5,1307.0,23
517,NYALE-04_000517.JPG,4214,4540,127,347,4377.0,237.0,19
517,NYALE-04_000517.JPG,1906,2124,1027,1271,2015.0,1149.0,7
517,NYALE-04_000517.JPG,5023,5210,833,1119,5116.5,976.0,20
517,NYALE-04_000517.JPG,5333,5530,1473,1766,5431.5,1619.5,9
517,NYALE-04_000517.JPG,5461,5669,860,1095,5565.0,977.5,16
517,NYALE-04_000517.JPG,4176,4509,366,597,4342.5,481.5,18
517,NYALE-04_000517.JPG,3743,4046,540,806,3894.5,673.0,6
518,NYALE-04_000518.JPG,4755,4975,1548,1768,4865.0,1658.0,4
518,NYALE-04_000518.JPG,4624,4826,936,1176,4725.0,1056.0,1
518,NYALE-04_000518.JPG,4142,4426,779,964,4284.0,871.5,2
518,NYALE-04_000518.JPG,5507,5689,1217,1409,5598.0,1313.0,23
518,NYALE-04_000518.JPG,1287,1443,548,784,1365.0,666.0,17
518,NYALE-04_000518.JPG,3931,4128,1384,1581,4029.5,1482.5,0
518,NYALE-04_000518.JPG,1903,2100,1056,1289,2001.5,1172.5,7
518,NYALE-04_000518.JPG,5022,5203,844,1114,5112.5,979.0,20
518,NYALE-04_000518.JPG,5347,5530,1497,1768,5438.5,1632.5,9
518,NYALE-04_000518.JPG,5481,5665,852,1077,5573.0,964.5,16
518,NYALE-04_000518.JPG,4171,4482,122,301,4326.5,211.5,19
518,NYALE-04_000518.JPG,4105,4409,350,565,4257.0,457.5,18
518,NYALE-04_000518.JPG,3644,3956,521,738,3800.0,629.5,6
518,NYALE-04_000518.JPG,5419,5572,468,618,5495.5,543.0,26
519,NYALE-04_000519.JPG,5407,5577,459,606,5492.0,532.5,26
519,NYALE-04_000519.JPG,4631,4832,943,1159,4731.5,1051.0,1
519,NYALE-04_000519.JPG,4761,4981,1534,1754,4871.0,1644.0,4
519,NYALE-04_000519.JPG,4139,4440,762,955,4289.5,858.5,2
519,NYALE-04_000519.JPG,5507,5701,1196,1399,5604.0,1297.5,23
519,NYALE-04_000519.JPG,3928,4146,1377,1581,4037.0,1479.0,0
519,NYALE-04_000519.JPG,1277,1453,548,785,1365.0,666.5,17
519,NYALE-04_000519.JPG,1908,2121,1040,1285,2014.5,1162.5,7
519,NYALE-04_000519.JPG,5006,5227,866,1143,5116.5,1004.5,20
519,NYALE-04_000519.JPG,4190,4510,121,324,4350.0,222.5,19
519,NYALE-04_000519.JPG,5342,5540,1490,1782,5441.0,1636.0,9
519,NYALE-04_000519.JPG,5469,5680,856,1087,5574.5,971.5,16
519,NYALE-04_000519.JPG,4106,4430,350,570,4268.0,460.0,18
519,NYALE-04_000519.JPG,3631,3954,514,727,3792.5,620.5,6
521,NYALE-04_000521.JPG,5421,5574,445,595,5497.5,520.0,26
521,NYALE-04_000521.JPG,4141,4420,788,974,4280.5,881.0,2
521,NYALE-04_000521.JPG,4625,4826,960,1176,4725.5,1068.0,1
521,NYALE-04_000521.JPG,4761,4981,1563,1783,4871.0,1673.0,4
521,NYALE-04_000521.JPG,5506,5704,1143,1342,5605.0,1242.5,23
521,NYALE-04_000521.JPG,1285,1443,532,763,1364.0,647.5,17
521,NYALE-04_000521.JPG,3934,4139,1395,1606,4036.5,1500.5,0
521,NYALE-04_000521.JPG,4995,5210,894,1157,5102.5,1025.5,20
521,NYALE-04_000521.JPG,1920,2109,1043,1279,2014.5,1161.0,7
521,NYALE-04_000521.JPG,5469,5671,825,1048,5570.0,936.5,16
521,NYALE-04_000521.JPG,4178,4485,126,303,4331.5,214.5,19
521,NYALE-04_000521.JPG,5358,5530,1482,1755,5444.0,1618.5,9
521,NYALE-04_000521.JPG,4092,4392,331,579,4242.0,455.0,18
521,NYALE-04_000521.JPG,3606,3912,522,721,3759.0,621.5,6
521,NYALE-04_000521.JPG,5369,5537,1707,1857,5453.0,1782.0,27
526,NYALE-04_000526.JPG,4659,4861,930,1155,4760.0,1042.5,1
526,NYALE-04_000526.JPG,5390,5543,482,615,5466.5,548.5,26
526,NYALE-04_000526.JPG,4216,4474,488,754,4345.0,621.0,18
526,NYALE-04_000526.JPG,1981,2197,1114,1353,2089.0,1233.5,7
526,NYALE-04_000526.JPG,1293,1472,577,804,1382.5,690.5,17
526,NYALE-04_000526.JPG,5338,5521,1576,1840,5429.5,1708.0,27
526,NYALE-04_000526.JPG,4784,5004,1592,1812,4894.0,1702.0,4
526,NYALE-04_000526.JPG,4042,4203,1423,1626,4122.5,1524.5,0
526,NYALE-04_000526.JPG,4305,4593,157,358,4449.0,257.5,19
526,NYALE-04_000526.JPG,4221,4505,887,1081,4363.0,984.0,2
526,NYALE-04_000526.JPG,5521,5722,1073,1261,5621.5,1167.0,23
526,NYALE-04_000526.JPG,5486,5691,863,1073,5588.5,968.0,16
526,NYALE-04_000526.JPG,4962,5190,1037,1275,5076.0,1156.0,20
526,NYALE-04_000526.JPG,3576,3890,649,914,3733.0,781.5,6
526,NYALE-04_000526.JPG,4867,5095,0,74,4981.0,37.0,28
529,NYALE-04_000529.JPG,4344,4547,467,724,4445.5,595.5,18
529,NYALE-04_000529.JPG,2046,2267,1030,1266,2156.5,1148.0,7
529,NYALE-04_000529.JPG,4790,5010,1502,1722,4900.0,1612.0,4
529,NYALE-04_000529.JPG,4685,4887,849,1074,4786.0,961.5,1
529,NYALE-04_000529.JPG,5354,5489,414,546,5421.5,480.0,26
529,NYALE-04_000529.JPG,3789,4071,640,907,3930.0,773.5,6
529,NYALE-04_000529.JPG,4988,5192,924,1185,5090.0,1054.5,20
529,NYALE-04_000529.JPG,4113,4270,1342,1534,4191.5,1438.0,0
529,NYALE-04_000529.JPG,1356,1575,472,686,1465.5,579.0,17
529,NYALE-04_000529.JPG,4364,4630,170,404,4497.0,287.0,19
529,NYALE-04_000529.JPG,4265,4543,820,1000,4404.0,910.0,2
529,NYALE-04_000529.JPG,5497,5691,1060,1256,5594.0,1158.0,23
529,NYALE-04_000529.JPG,5487,5673,804,1027,5580.0,915.5,16
529,NYALE-04_000529.JPG,5316,5525,1462,1743,5420.5,1602.5,27
533,NYALE-04_000533.JPG,5381,5540,390,543,5460.5,466.5,26
533,NYALE-04_000533.JPG,5274,5473,1661,1840,5373.5,1750.5,27
533,NYALE-04_000533.JPG,1312,1520,463,693,1416.0,578.0,17
533,NYALE-04_000533.JPG,4193,4460,719,926,4326.5,822.5,2
533,NYALE-04_000533.JPG,4255,4523,370,630,4389.0,500.0,18
533,NYALE-04_000533.JPG,4026,4202,1251,1442,4114.0,1346.5,0
533,NYALE-04_000533.JPG,4147,4485,130,350,4316.0,240.0,19
533,NYALE-04_000533.JPG,5482,5686,993,1230,5584.0,1111.5,23
533,NYALE-04_000533.JPG,5345,5583,651,892,5464.0,771.5,16
533,NYALE-04_000533.JPG,4618,4814,794,964,4716.0,879.0,1
533,NYALE-04_000533.JPG,1954,2189,926,1147,2071.5,1036.5,7
533,NYALE-04_000533.JPG,3784,4056,538,801,3920.0,669.5,6
533,NYALE-04_000533.JPG,4882,5154,626,893,5018.0,759.5,20
533,NYALE-04_000533.JPG,5161,5473,1311,1583,5317.0,1447.0,29
536,NYALE-04_000536.JPG,5446,5601,446,590,5523.5,518.0,26
536,NYALE-04_000536.JPG,1296,1462,500,742,1379.0,621.0,17
536,NYALE-04_000536.JPG,5332,5522,1717,1893,5427.0,1805.0,27
536,NYALE-04_000536.JPG,5468,5663,802,1009,5565.5,905.5,16
536,NYALE-04_000536.JPG,4240,4496,351,593,4368.0,472.0,18
536,NYALE-04_000536.JPG,4000,4196,1230,1418,4098.0,1324.0,0
536,NYALE-04_000536.JPG,4159,4422,684,882,4290.5,783.0,2
536,NYALE-04_000536.JPG,4135,4459,124,324,4297.0,224.0,19
536,NYALE-04_000536.JPG,5091,5419,1208,1399,5255.0,1303.5,29
536,NYALE-04_000536.JPG,1939,2160,927,1138,2049.5,1032.5,7
536,NYALE-04_000536.JPG,4640,4821,756,930,4730.5,843.0,1
536,NYALE-04_000536.JPG,3827,4087,499,732,3957.0,615.5,6
536,NYALE-04_000536.JPG,4815,5092,537,731,4953.5,634.0,20
536,NYALE-04_000536.JPG,5182,5427,528,689,5304.5,608.5,30
538,NYALE-04_000538.JPG,5175,5410,506,665,5292.5,585.5,30
538,NYALE-04_000538.JPG,1298,1472,536,765,1385.0,650.5,17
538,NYALE-04_000538.JPG,5456,5610,481,616,5533.0,548.5,26
538,NYALE-04_000538.JPG,5108,5426,1216,1409,5267.0,1312.5,29
538,NYALE-04_000538.JPG,5375,5557,1707,1883,5466.0,1795.0,27
538,NYALE-04_000538.JPG,4236,4492,366,607,4364.0,486.5,18
538,NYALE-04_000538.JPG,3989,4194,1248,1430,4091.5,1339.0,0
538,NYALE-04_000538.JPG,5487,5694,834,1040,5590.5,937.0,16
538,NYALE-04_000538.JPG,4154,4465,126,331,4309.5,228.5,19
538,NYALE-04_000538.JPG,4161,4417,706,894,4289.0,800.0,2
538,NYALE-04_000538.JPG,1941,2147,943,1160,2044.0,1051.5,7
538,NYALE-04_000538.JPG,4660,4841,785,942,4750.5,863.5,1
538,NYALE-04_000538.JPG,3829,4086,511,749,3957.5,630.0,6
538,NYALE-04_000538.JPG,4841,5108,528,733,4974.5,630.5,20
539,NYALE-04_000539.JPG,5172,5404,518,667,5288.0,592.5,30
539,NYALE-04_000539.JPG,5122,5429,1227,1421,5275.5,1324.0,29
539,NYALE-04_000539.JPG,1309,1482,542,771,1395.5,656.5,17
539,NYALE-04_000539.JPG,5454,5606,492,622,5530.0,557.0,26
539,NYALE-04_000539.JPG,5393,5584,1701,1876,5488.5,1788.5,27
539,NYALE-04_000539.JPG,4245,4500,382,616,4372.5,499.0,18
539,NYALE-04_000539.JPG,4000,4202,1262,1453,4101.0,1357.5,0
539,NYALE-04_000539.JPG,4175,4480,134,333,4327.5,233.5,19
539,NYALE-04_000539.JPG,4180,4431,726,903,4305.5,814.5,2
539,NYALE-04_000539.JPG,1949,2160,957,1173,2054.5,1065.0,7
539,NYALE-04_000539.JPG,5503,5704,860,1063,5603.5,961.5,16
539,NYALE-04_000539.JPG,4661,4843,802,948,4752.0,875.0,1
539,NYALE-04_000539.JPG,3843,4083,525,768,3963.0,646.5,6
539,NYALE-04_000539.JPG,4857,5116,542,735,4986.5,638.5,20
540,NYALE-04_000540.JPG,5184,5428,520,680,5306.0,600.0,30
540,NYALE-04_000540.JPG,5132,5449,1228,1445,5290.5,1336.5,29
540,NYALE-04_000540.JPG,1307,1499,543,778,1403.0,660.5,17
540,NYALE-04_000540.JPG,5445,5606,505,639,5525.5,572.0,26
540,NYALE-04_000540.JPG,5413,5594,1677,1863,5503.5,1770.0,27
540,NYALE-04_000540.JPG,4204,4516,135,358,4360.0,246.5,19
540,NYALE-04_000540.JPG,4006,4197,1277,1468,4101.5,1372.5,0
540,NYALE-04_000540.JPG,4245,4467,382,640,4356.0,511.0,18
540,NYALE-04_000540.JPG,1955,2170,971,1200,2062.5,1085.5,7
540,NYALE-04_000540.JPG,4184,4446,731,921,4315.0,826.0,2
540,NYALE-04_000540.JPG,4644,4840,815,977,4742.0,896.0,1
540,NYALE-04_000540.JPG,5510,5722,892,1104,5616.0,998.0,16
540,NYALE-04_000540.JPG,3845,4095,535,793,3970.0,664.0,6
540,NYALE-04_000540.JPG,4881,5143,540,754,5012.0,647.0,20
542,NYALE-04_000542.JPG,1322,1516,534,762,1419.0,648.0,17
542,NYALE-04_000542.JPG,5427,5582,496,630,5504.5,563.0,26
542,NYALE-04_000542.JPG,5219,5450,534,699,5334.5,616.5,30
542,NYALE-04_000542.JPG,4245,4554,144,368,4399.5,256.0,19
542,NYALE-04_000542.JPG,5167,5471,1266,1497,5319.0,1381.5,29
542,NYALE-04_000542.JPG,1966,2178,1004,1237,2072.0,1120.5,7
542,NYALE-04_000542.JPG,4255,4504,405,648,4379.5,526.5,18
542,NYALE-04_000542.JPG,4021,4203,1297,1488,4112.0,1392.5,0
542,NYALE-04_000542.JPG,5430,5607,1649,1819,5518.5,1734.0,27
542,NYALE-04_000542.JPG,4192,4453,754,935,4322.5,844.5,2
542,NYALE-04_000542.JPG,4676,4855,848,988,4765.5,918.0,1
542,NYALE-04_000542.JPG,3842,4087,559,819,3964.5,689.0,6
542,NYALE-04_000542.JPG,5527,5721,984,1202,5624.0,1093.0,16
542,NYALE-04_000542.JPG,4907,5156,559,785,5031.5,672.0,20
543,NYALE-04_000543.JPG,1979,2201,1019,1266,2090.0,1142.5,7
543,NYALE-04_000543.JPG,5427,5582,496,630,5504.5,563.0,26
543,NYALE-04_000543.JPG,1320,1538,508,745,1429.0,626.5,17
543,NYALE-04_000543.JPG,4261,4523,420,677,4392.0,548.5,18
543,NYALE-04_000543.JPG,4032,4200,1314,1505,4116.0,1409.5,0
543,NYALE-04_000543.JPG,4289,4588,148,405,4438.5,276.5,19
543,NYALE-04_000543.JPG,4219,4482,779,963,4350.5,871.0,2
543,NYALE-04_000543.JPG,5247,5489,523,735,5368.0,629.0,30
543,NYALE-04_000543.JPG,5429,5617,1628,1809,5523.0,1718.5,27
543,NYALE-04_000543.JPG,4679,4858,871,1011,4768.5,941.0,1
543,NYALE-04_000543.JPG,5185,5492,1286,1541,5338.5,1413.5,29
543,NYALE-04_000543.JPG,3850,4106,588,862,3978.0,725.0,6
543,NYALE-04_000543.JPG,4935,5181,574,833,5058.0,703.5,20
543,NYALE-04_000543.JPG,5535,5732,1054,1283,5633.5,1168.5,16
544,NYALE-04_000544.JPG,1987,2207,1038,1288,2097.0,1163.0,7
544,NYALE-04_000544.JPG,4272,4527,439,688,4399.5,563.5,18
544,NYALE-04_000544.JPG,5398,5560,491,635,5479.0,563.0,26
544,NYALE-04_000544.JPG,4049,4214,1329,1531,4131.5,1430.0,0
544,NYALE-04_000544.JPG,4225,4496,795,981,4360.5,888.0,2
544,NYALE-04_000544.JPG,1334,1557,488,720,1445.5,604.0,17
544,NYALE-04_000544.JPG,4679,4870,872,1028,4774.5,950.0,1
544,NYALE-04_000544.JPG,4323,4612,152,398,4467.5,275.0,19
544,NYALE-04_000544.JPG,5429,5618,1611,1794,5523.5,1702.5,27
544,NYALE-04_000544.JPG,5277,5515,536,747,5396.0,641.5,30
544,NYALE-04_000544.JPG,3856,4111,616,897,3983.5,756.5,6
544,NYALE-04_000544.JPG,5216,5508,1317,1589,5362.0,1453.0,29
544,NYALE-04_000544.JPG,4953,5203,600,860,5078.0,730.0,20
544,NYALE-04_000544.JPG,5539,5738,1126,1351,5638.5,1238.5,16
548,NYALE-04_000548.JPG,5404,5583,439,583,5493.5,511.0,26
548,NYALE-04_000548.JPG,5417,5611,1625,1811,5514.0,1718.0,27
548,NYALE-04_000548.JPG,2019,2247,1079,1329,2133.0,1204.0,7
548,NYALE-04_000548.JPG,4688,4890,901,1057,4789.0,979.0,1
548,NYALE-04_000548.JPG,4328,4573,487,742,4450.5,614.5,18
548,NYALE-04_000548.JPG,4093,4269,1346,1563,4181.0,1454.5,0
548,NYALE-04_000548.JPG,4268,4532,839,1028,4400.0,933.5,2
548,NYALE-04_000548.JPG,1319,1532,437,651,1425.5,544.0,17
548,NYALE-04_000548.JPG,5012,5226,730,1010,5119.0,870.0,20
548,NYALE-04_000548.JPG,4419,4673,176,453,4546.0,314.5,19
548,NYALE-04_000548.JPG,3908,4189,694,995,4048.5,844.5,6
548,NYALE-04_000548.JPG,5372,5609,581,803,5490.5,692.0,30
548,NYALE-04_000548.JPG,5313,5542,1437,1726,5427.5,1581.5,29
548,NYALE-04_000548.JPG,5517,5744,1202,1434,5630.5,1318.0,31
548,NYALE-04_000548.JPG,4967,5187,0,91,5077.0,45.5,32
550,NYALE-04_000550.JPG,5526,5748,1199,1434,5637.0,1316.5,31
550,NYALE-04_000550.JPG,5394,5581,1678,1857,5487.5,1767.5,27
550,NYALE-04_000550.JPG,5395,5591,395,563,5493.0,479.0,26
550,NYALE-04_000550.JPG,4665,4867,881,1037,4766.0,959.0,1
550,NYALE-04_000550.JPG,2027,2257,1088,1336,2142.0,1212.0,7
550,NYALE-04_000550.JPG,4335,4581,477,729,4458.0,603.0,18
550,NYALE-04_000550.JPG,4104,4269,1343,1565,4186.5,1454.0,0
550,NYALE-04_000550.JPG,1304,1510,447,665,1407.0,556.0,17
550,NYALE-04_000550.JPG,5019,5226,795,1085,5122.5,940.0,20
550,NYALE-04_000550.JPG,4276,4553,842,1031,4414.5,936.5,2
550,NYALE-04_000550.JPG,4411,4667,165,428,4539.0,296.5,19
550,NYALE-04_000550.JPG,3921,4192,715,1007,4056.5,861.0,6
550,NYALE-04_000550.JPG,5437,5655,638,875,5546.0,756.5,30
550,NYALE-04_000550.JPG,5318,5546,1489,1777,5432.0,1633.0,29
552,NYALE-04_000552.JPG,1993,2221,1056,1310,2107.0,1183.0,7
552,NYALE-04_000552.JPG,5536,5752,1183,1418,5644.0,1300.5,31
552,NYALE-04_000552.JPG,4665,4867,881,1037,4766.0,959.0,1
552,NYALE-04_000552.JPG,5407,5603,386,554,5505.0,470.0,26
552,NYALE-04_000552.JPG,4318,4570,444,689,4444.0,566.5,18
552,NYALE-04_000552.JPG,4087,4269,1343,1560,4178.0,1451.5,0
552,NYALE-04_000552.JPG,1283,1482,467,693,1382.5,580.0,17
552,NYALE-04_000552.JPG,5347,5550,1737,1911,5448.5,1824.0,27
552,NYALE-04_000552.JPG,4264,4541,825,1019,4402.5,922.0,2
552,NYALE-04_000552.JPG,4375,4642,144,387,4508.5,265.5,19
552,NYALE-04_000552.JPG,5017,5223,866,1148,5120.0,1007.0,20
552,NYALE-04_000552.JPG,3928,4188,740,1014,4058.0,877.0,6
552,NYALE-04_000552.JPG,5328,5549,1495,1777,5438.5,1636.0,29
552,NYALE-04_000552.JPG,5477,5675,732,966,5576.0,849.0,30
557,NYALE-04_000557.JPG,1988,2202,1033,1268,2095.0,1150.5,7
557,NYALE-04_000557.JPG,4278,4521,441,678,4399.5,559.5,18
557,NYALE-04_000557.JPG,5378,5547,480,622,5462.5,551.0,26
557,NYALE-04_000557.JPG,4938,5183,836,1111,5060.5,973.5,20
557,NYALE-04_000557.JPG,4296,4583,153,384,4439.5,268.5,19
557,NYALE-04_000557.JPG,4072,4224,1332,1511,4148.0,1421.5,0
557,NYALE-04_000557.JPG,4236,4497,811,982,4366.5,896.5,2
557,NYALE-04_000557.JPG,4676,4855,884,1021,4765.5,952.5,1
557,NYALE-04_000557.JPG,1313,1499,483,699,1406.0,591.0,17
557,NYALE-04_000557.JPG,5412,5604,1585,1771,5508.0,1678.0,27
557,NYALE-04_000557.JPG,5237,5511,1402,1674,5374.0,1538.0,29
557,NYALE-04_000557.JPG,3902,4178,717,995,4040.0,856.0,6
557,NYALE-04_000557.JPG,5537,5723,1022,1241,5630.0,1131.5,31
557,NYALE-04_000557.JPG,5431,5645,868,1085,5538.0,976.5,30
557,NYALE-04_000557.JPG,4073,4206,543,661,4139.5,602.0,33
558,NYALE-04_000558.JPG,4078,4207,543,658,4142.5,600.5,33
558,NYALE-04_000558.JPG,4920,5164,826,1102,5042.0,964.0,20
558,NYALE-04_000558.JPG,4277,4517,450,682,4397.0,566.0,18
558,NYALE-04_000558.JPG,4277,4574,170,394,4425.5,282.0,19
558,NYALE-04_000558.JPG,1989,2196,1034,1268,2092.5,1151.0,7
558,NYALE-04_000558.JPG,5368,5526,484,625,5447.0,554.5,26
558,NYALE-04_000558.JPG,4674,4853,897,1024,4763.5,960.5,1
558,NYALE-04_000558.JPG,4061,4218,1316,1508,4139.5,1412.0,0
558,NYALE-04_000558.JPG,4246,4496,822,988,4371.0,905.0,2
558,NYALE-04_000558.JPG,1326,1517,485,693,1421.5,589.0,17
558,NYALE-04_000558.JPG,5218,5501,1397,1668,5359.5,1532.5,29
558,NYALE-04_000558.JPG,5424,5603,1561,1737,5513.5,1649.0,27
558,NYALE-04_000558.JPG,3889,4180,724,995,4034.5,859.5,6
558,NYALE-04_000558.JPG,5508,5706,991,1203,5607.0,1097.0,31
558,NYALE-04_000558.JPG,5399,5613,862,1075,5506.0,968.5,30
558,NYALE-04_000558.JPG,4888,5096,1,66,4992.0,33.5,34
561,NYALE-04_000561.JPG,2001,2206,1060,1302,2103.5,1181.0,7
561,NYALE-04_000561.JPG,4263,4505,475,719,4384.0,597.0,18
561,NYALE-04_000561.JPG,4903,5109,2,89,5006.0,45.5,34
561,NYALE-04_000561.JPG,4055,4194,528,654,4124.5,591.0,33
561,NYALE-04_000561.JPG,4262,4570,185,442,4416.0,313.5,19
561,NYALE-04_000561.JPG,5381,5545,441,594,5463.0,517.5,26
561,NYALE-04_000561.JPG,4884,5142,783,1063,5013.0,923.0,20
561,NYALE-04_000561.JPG,4043,4208,1320,1522,4125.5,1421.0,0
561,NYALE-04_000561.JPG,4673,4861,898,1048,4767.0,973.0,1
561,NYALE-04_000561.JPG,4238,4493,840,1014,4365.5,927.0,2
561,NYALE-04_000561.JPG,5409,5594,1597,1777,5501.5,1687.0,27
561,NYALE-04_000561.JPG,3839,4105,719,991,3972.0,855.0,6
561,NYALE-04_000561.JPG,5188,5486,1395,1665,5337.0,1530.0,29
561,NYALE-04_000561.JPG,1345,1574,481,702,1459.5,591.5,17
561,NYALE-04_000561.JPG,5465,5690,1008,1236,5577.5,1122.0,31
561,NYALE-04_000561.JPG,5318,5535,789,1019,5426.5,904.0,30
562,NYALE-04_000562.JPG,5392,5583,1643,1821,5487.5,1732.0,27
562,NYALE-04_000562.JPG,4913,5122,1,93,5017.5,47.0,34
562,NYALE-04_000562.JPG,4047,4185,518,648,4116.0,583.0,33
562,NYALE-04_000562.JPG,4271,4509,482,724,4390.0,603.0,18
562,NYALE-04_000562.JPG,5391,5561,426,584,5476.0,505.0,26
562,NYALE-04_000562.JPG,2003,2215,1072,1311,2109.0,1191.5,7
562,NYALE-04_000562.JPG,4048,4192,1339,1512,4120.0,1425.5,0
562,NYALE-04_000562.JPG,4270,4578,191,448,4424.0,319.5,19
562,NYALE-04_000562.JPG,4675,4859,913,1048,4767.0,980.5,1
562,NYALE-04_000562.JPG,4884,5146,774,1051,5015.0,912.5,20
562,NYALE-04_000562.JPG,4239,4497,846,1025,4368.0,935.5,2
562,NYALE-04_000562.JPG,5478,5697,1056,1289,5587.5,1172.5,31
562,NYALE-04_000562.JPG,3831,4101,718,988,3966.0,853.0,6
562,NYALE-04_000562.JPG,1344,1570,478,699,1457.0,588.5,17
562,NYALE-04_000562.JPG,5189,5486,1402,1674,5337.5,1538.0,29
562,NYALE-04_000562.JPG,5293,5524,764,997,5408.5,880.5,30
563,NYALE-04_000563.JPG,4919,5136,0,99,5027.5,49.5,34
563,NYALE-04_000563.JPG,5492,5709,1114,1344,5600.5,1229.0,31
563,NYALE-04_000563.JPG,4043,4182,505,641,4112.5,573.0,33
563,NYALE-04_000563.JPG,5412,5584,419,575,5498.0,497.0,26
563,NYALE-04_000563.JPG,4670,4862,907,1044,4766.0,975.5,1
563,NYALE-04_000563.JPG,4897,5159,771,1047,5028.0,909.0,20
563,NYALE-04_000563.JPG,4289,4526,489,731,4407.5,610.0,18
563,NYALE-04_000563.JPG,2009,2228,1081,1322,2118.5,1201.5,7
563,NYALE-04_000563.JPG,5370,5567,1686,1864,5468.5,1775.0,27
563,NYALE-04_000563.JPG,4289,4592,191,446,4440.5,318.5,19
563,NYALE-04_000563.JPG,4055,4223,1317,1522,4139.0,1419.5,0
563,NYALE-04_000563.JPG,4245,4502,854,1031,4373.5,942.5,2
563,NYALE-04_000563.JPG,3829,4102,718,993,3965.5,855.5,6
563,NYALE-04_000563.JPG,1335,1553,482,706,1444.0,594.0,17
563,NYALE-04_000563.JPG,5200,5492,1410,1690,5346.0,1550.0,29
563,NYALE-04_000563.JPG,5288,5516,745,973,5402.0,859.0,30
569,NYALE-04_000569.JPG,4924,5138,2,103,5031.0,52.5,34
569,NYALE-04_000569.JPG,5527,5748,1085,1330,5637.5,1207.5,31
569,NYALE-04_000569.JPG,1288,1523,502,745,1405.5,623.5,17
569,NYALE-04_000569.JPG,4305,4600,187,468,4452.5,327.5,19
569,NYALE-04_000569.JPG,1962,2192,992,1238,2077.0,1115.0,7
569,NYALE-04_000569.JPG,4103,4298,503,687,4200.5,595.0,33
569,NYALE-04_000569.JPG,4267,4530,878,1053,4398.5,965.5,2
569,NYALE-04_000569.JPG,5374,5570,525,711,5472.0,618.0,26
569,NYALE-04_000569.JPG,4361,4560,537,745,4460.5,641.0,18
569,NYALE-04_000569.JPG,5465,5655,1720,1909,5560.0,1814.5,27
569,NYALE-04_000569.JPG,5002,5229,981,1236,5115.5,1108.5,20
569,NYALE-04_000569.JPG,4000,4202,756,1017,4101.0,886.5,6
569,NYALE-04_000569.JPG,5401,5577,1490,1752,5489.0,1621.0,29
569,NYALE-04_000569.JPG,5500,5709,850,1067,5604.5,958.5,30
573,NYALE-04_000573.JPG,1990,2204,1035,1281,2097.0,1158.0,7
573,NYALE-04_000573.JPG,4925,5134,1,93,5029.5,47.0,34
573,NYALE-04_000573.JPG,4032,4235,517,699,4133.5,608.0,33
573,NYALE-04_000573.JPG,1285,1497,524,756,1391.0,640.0,17
573,NYALE-04_000573.JPG,4289,4587,191,448,4438.0,319.5,19
573,NYALE-04_000573.JPG,5515,5726,1137,1390,5620.5,1263.5,31
573,NYALE-04_000573.JPG,4267,4513,863,1036,4390.0,949.5,2
573,NYALE-04_000573.JPG,5441,5644,1675,1884,5542.5,1779.5,27
573,NYALE-04_000573.JPG,4335,4534,531,739,4434.5,635.0,18
573,NYALE-04_000573.JPG,5407,5592,530,732,5499.5,631.0,26
573,NYALE-04_000573.JPG,4988,5211,931,1198,5099.5,1064.5,20
573,NYALE-04_000573.JPG,3986,4175,774,1032,4080.5,903.0,6
573,NYALE-04_000573.JPG,5375,5560,1506,1773,5467.5,1639.5,29
573,NYALE-04_000573.JPG,5477,5685,851,1069,5581.0,960.0,30
574,NYALE-04_000574.JPG,4908,5112,1,87,5010.0,44.0,34
574,NYALE-04_000574.JPG,1967,2191,1039,1279,2079.0,1159.0,7
574,NYALE-04_000574.JPG,5518,5724,1113,1357,5621.0,1235.0,31
574,NYALE-04_000574.JPG,1279,1490,507,745,1384.5,626.0,17
574,NYALE-04_000574.JPG,4255,4578,186,446,4416.5,316.0,19
574,NYALE-04_000574.JPG,4244,4513,843,1032,4378.5,937.5,2
574,NYALE-04_000574.JPG,3981,4213,510,706,4097.0,608.0,33
574,NYALE-04_000574.JPG,5437,5638,1655,1877,5537.5,1766.0,27
574,NYALE-04_000574.JPG,4309,4515,533,727,4412.0,630.0,18
574,NYALE-04_000574.JPG,5401,5595,523,705,5498.0,614.0,26
574,NYALE-04_000574.JPG,4979,5215,914,1186,5097.0,1050.0,20
574,NYALE-04_000574.JPG,3965,4180,750,1020,4072.5,885.0,6
574,NYALE-04_000574.JPG,5347,5563,1503,1764,5455.0,1633.5,29
574,NYALE-04_000574.JPG,5456,5663,832,1056,5559.5,944.0,30
577,NYALE-04_000577.JPG,5384,5606,1661,1864,5495.0,1762.5,27
577,NYALE-04_000577.JPG,4229,4489,866,1045,4359.0,955.5,2
577,NYALE-04_000577.JPG,1944,2159,1039,1273,2051.5,1156.0,7
577,NYALE-04_000577.JPG,4870,5084,0,87,4977.0,43.5,34
577,NYALE-04_000577.JPG,5386,5576,479,679,5481.0,579.0,26
577,NYALE-04_000577.JPG,1269,1469,521,753,1369.0,637.0,17
577,NYALE-04_000577.JPG,5504,5718,1049,1293,5611.0,1171.0,31
577,NYALE-04_000577.JPG,4241,4559,202,453,4400.0,327.5,19
577,NYALE-04_000577.JPG,3957,4174,499,691,4065.5,595.0,33
577,NYALE-04_000577.JPG,3915,4150,754,1019,4032.5,886.5,6
577,NYALE-04_000577.JPG,4934,5181,925,1193,5057.5,1059.0,20
577,NYALE-04_000577.JPG,5295,5546,1514,1776,5420.5,1645.0,29
577,NYALE-04_000577.JPG,5409,5618,818,1040,5513.5,929.0,30
580,NYALE-04_000580.JPG,5392,5603,1660,1861,5497.5,1760.5,27
580,NYALE-04_000580.JPG,3993,4219,484,679,4106.0,581.5,33
580,NYALE-04_000580.JPG,1280,1500,503,729,1390.0,616.0,17
580,NYALE-04_000580.JPG,5366,5551,421,628,5458.5,524.5,26
580,NYALE-04_000580.JPG,4229,4489,866,1045,4359.0,955.5,2
580,NYALE-04_000580.JPG,1946,2160,1027,1263,2053.0,1145.0,7
580,NYALE-04_000580.JPG,4241,4555,189,453,4398.0,321.0,19
580,NYALE-04_000580.JPG,5495,5712,1047,1289,5603.5,1168.0,31
580,NYALE-04_000580.JPG,4936,5175,893,1157,5055.5,1025.0,20
580,NYALE-04_000580.JPG,3902,4157,742,1016,4029.5,879.0,6
580,NYALE-04_000580.JPG,5272,5523,1474,1716,5397.5,1595.0,29
580,NYALE-04_000580.JPG,5414,5621,814,1034,5517.5,924.0,30
581,NYALE-04_000581.JPG,5400,5606,1645,1848,5503.0,1746.5,27
581,NYALE-04_000581.JPG,4007,4223,479,666,4115.0,572.5,33
581,NYALE-04_000581.JPG,1289,1501,499,719,1395.0,609.0,17
581,NYALE-04_000581.JPG,1958,2160,1026,1253,2059.0,1139.5,7
581,NYALE-04_000581.JPG,4238,4486,869,1037,4362.0,953.0,2
581,NYALE-04_000581.JPG,4243,4556,191,431,4399.5,311.0,19
581,NYALE-04_000581.JPG,5357,5548,420,623,5452.5,521.5,26
581,NYALE-04_000581.JPG,5481,5696,1048,1293,5588.5,1170.5,31
581,NYALE-04_000581.JPG,4927,5176,877,1144,5051.5,1010.5,20
581,NYALE-04_000581.JPG,3912,4148,720,1015,4030.0,867.5,6
581,NYALE-04_000581.JPG,5267,5524,1483,1748,5395.5,1615.5,29
581,NYALE-04_000581.JPG,5409,5618,808,1020,5513.5,914.0,30
582,NYALE-04_000582.JPG,3990,4224,478,681,4107.0,579.5,33
582,NYALE-04_000582.JPG,1945,2165,1037,1275,2055.0,1156.0,7
582,NYALE-04_000582.JPG,1277,1484,516,742,1380.5,629.0,17
582,NYALE-04_000582.JPG,5387,5599,1664,1881,5493.0,1772.5,27
582,NYALE-04_000582.JPG,4230,4555,186,438,4392.5,312.0,19
582,NYALE-04_000582.JPG,4238,4487,881,1056,4362.5,968.5,2
582,NYALE-04_000582.JPG,5334,5534,430,635,5434.0,532.5,26
582,NYALE-04_000582.JPG,5443,5677,1090,1352,5560.0,1221.0,31
582,NYALE-04_000582.JPG,4916,5168,883,1158,5042.0,1020.5,20
582,NYALE-04_000582.JPG,3892,4145,736,1011,4018.5,873.5,6
582,NYALE-04_000582.JPG,5240,5508,1501,1764,5374.0,1632.5,29
582,NYALE-04_000582.JPG,5409,5617,809,1038,5513.0,923.5,30
583,NYALE-04_000583.JPG,1950,2165,1042,1277,2057.5,1159.5,7
583,NYALE-04_000583.JPG,1281,1490,524,762,1385.5,643.0,17
583,NYALE-04_000583.JPG,3979,4213,483,693,4096.0,588.0,33
583,NYALE-04_000583.JPG,5385,5598,1671,1891,5491.5,1781.0,27
583,NYALE-04_000583.JPG,4233,4556,193,441,4394.5,317.0,19
583,NYALE-04_000583.JPG,4244,4493,890,1065,4368.5,977.5,2
583,NYALE-04_000583.JPG,5311,5519,436,648,5415.0,542.0,26
583,NYALE-04_000583.JPG,5408,5658,1107,1374,5533.0,1240.5,31
583,NYALE-04_000583.JPG,3876,4145,750,1015,4010.5,882.5,6
583,NYALE-04_000583.JPG,4898,5159,895,1167,5028.5,1031.0,20
583,NYALE-04_000583.JPG,5396,5615,818,1043,5505.5,930.5,30
583,NYALE-04_000583.JPG,5222,5508,1523,1787,5365.0,1655.0,29
583,NYALE-04_000583.JPG,4856,5088,1,100,4972.0,50.5,35
584,NYALE-04_000584.JPG,4866,5083,2,89,4974.5,45.5,35
584,NYALE-04_000584.JPG,1949,2159,1038,1264,2054.0,1151.0,7
584,NYALE-04_000584.JPG,1277,1480,533,756,1378.5,644.5,17
584,NYALE-04_000584.JPG,5384,5597,1671,1888,5490.5,1779.5,27
584,NYALE-04_000584.JPG,3970,4202,495,694,4086.0,594.5,33
584,NYALE-04_000584.JPG,4233,4481,871,1037,4357.0,954.0,2
584,NYALE-04_000584.JPG,4222,4541,192,428,4381.5,310.0,19
584,NYALE-04_000584.JPG,3888,4113,770,963,4000.5,866.5,6
584,NYALE-04_000584.JPG,5294,5503,437,646,5398.5,541.5,26
584,NYALE-04_000584.JPG,5417,5658,1136,1395,5537.5,1265.5,31
584,NYALE-04_000584.JPG,4896,5149,883,1154,5022.5,1018.5,20
584,NYALE-04_000584.JPG,5229,5508,1508,1767,5368.5,1637.5,29
584,NYALE-04_000584.JPG,5406,5616,816,1039,5511.0,927.5,30
585,NYALE-04_000585.JPG,4851,5043,-1,122,4947.0,60.5,35
585,NYALE-04_000585.JPG,3938,4174,504,713,4056.0,608.5,33
585,NYALE-04_000585.JPG,1922,2128,1090,1317,2025.0,1203.5,7
585,NYALE-04_000585.JPG,5300,5509,446,664,5404.5,555.0,26
585,NYALE-04_000585.JPG,5314,5544,1686,1910,5429.0,1798.0,27
585,NYALE-04_000585.JPG,4208,4462,913,1104,4335.0,1008.5,2
585,NYALE-04_000585.JPG,1254,1450,591,827,1352.0,709.0,17
585,NYALE-04_000585.JPG,4175,4504,210,498,4339.5,354.0,19
585,NYALE-04_000585.JPG,5363,5579,820,1046,5471.0,933.0,30
585,NYALE-04_000585.JPG,5361,5619,1131,1394,5490.0,1262.5,31
585,NYALE-04_000585.JPG,3811,4037,811,1041,3924.0,926.0,6
585,NYALE-04_000585.JPG,4847,5107,917,1194,4977.0,1055.5,20
585,NYALE-04_000585.JPG,5159,5456,1539,1810,5307.5,1674.5,29
586,NYALE-04_000586.JPG,5359,5544,457,664,5451.5,560.5,26
586,NYALE-04_000586.JPG,4823,5062,3,157,4942.5,80.0,35
586,NYALE-04_000586.JPG,3924,4150,572,767,4037.0,669.5,33
586,NYALE-04_000586.JPG,4191,4460,933,1124,4325.5,1028.5,2
586,NYALE-04_000586.JPG,5339,5546,838,1058,5442.5,948.0,30
586,NYALE-04_000586.JPG,1883,2097,1159,1395,1990.0,1277.0,7
586,NYALE-04_000586.JPG,5237,5466,1760,1961,5351.5,1860.5,27
586,NYALE-04_000586.JPG,1235,1433,657,918,1334.0,787.5,17
586,NYALE-04_000586.JPG,5361,5597,1232,1474,5479.0,1353.0,31
586,NYALE-04_000586.JPG,3719,3974,839,1078,3846.5,958.5,6
586,NYALE-04_000586.JPG,4102,4416,294,558,4259.0,426.0,19
586,NYALE-04_000586.JPG,4747,5027,987,1251,4887.0,1119.0,20
586,NYALE-04_000586.JPG,5096,5404,1644,1895,5250.0,1769.5,29
586,NYALE-04_000586.JPG,2826,3074,0,119,2950.0,59.5,36
586,NYALE-04_000586.JPG,3534,3770,0,119,3652.0,59.5,37
586,NYALE-04_000586.JPG,3439,3571,1594,1735,3505.0,1664.5,38
588,NYALE-04_000588.JPG,2886,3089,0,80,2987.5,40.0,36
588,NYALE-04_000588.JPG,4824,5064,3,197,4944.0,100.0,35
588,NYALE-04_000588.JPG,3449,3591,1641,1783,3520.0,1712.0,38
588,NYALE-04_000588.JPG,3571,3815,-1,179,3693.0,89.0,37
588,NYALE-04_000588.JPG,5349,5549,503,725,5449.0,614.0,26
588,NYALE-04_000588.JPG,5307,5581,1383,1619,5444.0,1501.0,29
588,NYALE-04_000588.JPG,3925,4180,632,843,4052.5,737.5,6
588,NYALE-04_000588.JPG,1897,2122,1157,1391,2009.5,1274.0,7
588,NYALE-04_000588.JPG,4114,4378,387,629,4246.0,508.0,33
588,NYALE-04_000588.JPG,4127,4405,967,1170,4266.0,1068.5,2
588,NYALE-04_000588.JPG,5209,5474,1782,1988,5341.5,1885.0,27
588,NYALE-04_000588.JPG,1237,1433,718,943,1335.0,830.5,17
588,NYALE-04_000588.JPG,5263,5493,988,1208,5378.0,1098.0,31
588,NYALE-04_000588.JPG,4698,4987,1122,1377,4842.5,1249.5,20
588,NYALE-04_000588.JPG,3760,3981,843,1080,3870.5,961.5,39
588,NYALE-04_000588.JPG,5059,5380,1701,1937,5219.5,1819.0,40
591,NYALE-04_000591.JPG,4834,5044,1,163,4939.0,82.0,35
591,NYALE-04_000591.JPG,5358,5558,455,684,5458.0,569.5,26
591,NYALE-04_000591.JPG,3785,3992,806,1042,3888.5,924.0,39
591,NYALE-04_000591.JPG,4008,4234,551,759,4121.0,655.0,33
591,NYALE-04_000591.JPG,1938,2150,1106,1332,2044.0,1219.0,7
591,NYALE-04_000591.JPG,5094,5392,1621,1876,5243.0,1748.5,40
591,NYALE-04_000591.JPG,5288,5527,1718,1942,5407.5,1830.0,27
591,NYALE-04_000591.JPG,1272,1472,620,844,1372.0,732.0,17
591,NYALE-04_000591.JPG,3509,3674,1521,1673,3591.5,1597.0,38
591,NYALE-04_000591.JPG,5395,5632,1262,1511,5513.5,1386.5,31
591,NYALE-04_000591.JPG,4793,5065,1005,1271,4929.0,1138.0,20
591,NYALE-04_000591.JPG,4192,4441,281,527,4316.5,404.0,41
591,NYALE-04_000591.JPG,5303,5518,878,1099,5410.5,988.5,42
593,NYALE-04_000593.JPG,5380,5565,450,670,5472.5,560.0,26
593,NYALE-04_000593.JPG,5369,5579,1665,1892,5474.0,1778.5,27
593,NYALE-04_000593.JPG,4834,5044,1,163,4939.0,82.0,35
593,NYALE-04_000593.JPG,1290,1516,561,783,1403.0,672.0,17
593,NYALE-04_000593.JPG,1970,2173,1085,1307,2071.5,1196.0,7
593,NYALE-04_000593.JPG,4048,4264,508,725,4156.0,616.5,33
593,NYALE-04_000593.JPG,5327,5547,820,1042,5437.0,931.0,42
593,NYALE-04_000593.JPG,3819,4016,775,994,3917.5,884.5,39
593,NYALE-04_000593.JPG,4234,4463,219,452,4348.5,335.5,41
593,NYALE-04_000593.JPG,5450,5670,1176,1436,5560.0,1306.0,31
593,NYALE-04_000593.JPG,3510,3673,1504,1654,3591.5,1579.0,38
593,NYALE-04_000593.JPG,5134,5429,1542,1800,5281.5,1671.0,40
593,NYALE-04_000593.JPG,4875,5129,928,1198,5002.0,1063.0,20
598,NYALE-04_000598.JPG,4835,5069,0,153,4952.0,76.5,35
598,NYALE-04_000598.JPG,4197,4426,258,456,4311.5,357.0,41
598,NYALE-04_000598.JPG,5348,5555,823,1043,5451.5,933.0,42
598,NYALE-04_000598.JPG,3804,3996,780,991,3900.0,885.5,39
598,NYALE-04_000598.JPG,1987,2172,1091,1308,2079.5,1199.5,7
598,NYALE-04_000598.JPG,3439,3599,1594,1751,3519.0,1672.5,38
598,NYALE-04_000598.JPG,3977,4203,547,742,4090.0,644.5,33
598,NYALE-04_000598.JPG,5162,5436,1553,1804,5299.0,1678.5,40
598,NYALE-04_000598.JPG,5322,5567,1742,1956,5444.5,1849.0,27
598,NYALE-04_000598.JPG,1257,1455,622,858,1356.0,740.0,17
598,NYALE-04_000598.JPG,5435,5671,1204,1474,5553.0,1339.0,31
598,NYALE-04_000598.JPG,5291,5505,529,746,5398.0,637.5,26
598,NYALE-04_000598.JPG,4860,5140,972,1236,5000.0,1104.0,20
599,NYALE-04_000599.JPG,4854,5054,0,145,4954.0,72.5,35
599,NYALE-04_000599.JPG,4206,4425,259,454,4315.5,356.5,41
599,NYALE-04_000599.JPG,5354,5572,827,1047,5463.0,937.0,42
599,NYALE-04_000599.JPG,3824,4014,781,1002,3919.0,891.5,39
599,NYALE-04_000599.JPG,3434,3602,1594,1745,3518.0,1669.5,38
599,NYALE-04_000599.JPG,1977,2182,1091,1312,2079.5,1201.5,7
599,NYALE-04_000599.JPG,3961,4207,532,746,4084.0,639.0,33
599,NYALE-04_000599.JPG,5161,5448,1560,1817,5304.5,1688.5,40
599,NYALE-04_000599.JPG,5309,5546,1742,1954,5427.5,1848.0,27
599,NYALE-04_000599.JPG,1256,1457,619,848,1356.5,733.5,17
599,NYALE-04_000599.JPG,5440,5668,1208,1464,5554.0,1336.0,31
599,NYALE-04_000599.JPG,5279,5501,515,734,5390.0,624.5,26
599,NYALE-04_000599.JPG,4877,5131,975,1247,5004.0,1111.0,20
600,NYALE-04_000600.JPG,3796,3990,795,1024,3893.0,909.5,39
600,NYALE-04_000600.JPG,4847,5058,1,169,4952.5,85.0,35
600,NYALE-04_000600.JPG,5136,5416,1623,1872,5276.0,1747.5,40
600,NYALE-04_000600.JPG,5338,5559,869,1091,5448.5,980.0,42
600,NYALE-04_000600.JPG,4170,4397,293,494,4283.5,393.5,41
600,NYALE-04_000600.JPG,3402,3571,1618,1774,3486.5,1696.0,38
600,NYALE-04_000600.JPG,1942,2151,1122,1344,2046.5,1233.0,7
600,NYALE-04_000600.JPG,3922,4177,566,787,4049.5,676.5,33
600,NYALE-04_000600.JPG,5249,5503,1764,1971,5376.0,1867.5,27
600,NYALE-04_000600.JPG,5241,5467,533,750,5354.0,641.5,26
600,NYALE-04_000600.JPG,1245,1437,694,921,1341.0,807.5,17
600,NYALE-04_000600.JPG,5394,5634,1285,1535,5514.0,1410.0,31
600,NYALE-04_000600.JPG,4815,5080,1069,1326,4947.5,1197.5,20
600,NYALE-04_000600.JPG,3535,3763,0,99,3649.0,49.5,43
602,NYALE-04_000602.JPG,4847,5058,1,169,4952.5,85.0,35
602,NYALE-04_000602.JPG,3788,3979,793,1032,3883.5,912.5,39
602,NYALE-04_000602.JPG,3414,3580,1591,1743,3497.0,1667.0,38
602,NYALE-04_000602.JPG,5324,5538,879,1106,5431.0,992.5,42
602,NYALE-04_000602.JPG,4163,4380,284,488,4271.5,386.0,41
602,NYALE-04_000602.JPG,5094,5383,1656,1883,5238.5,1769.5,40
602,NYALE-04_000602.JPG,1951,2155,1109,1332,2053.0,1220.5,7
602,NYALE-04_000602.JPG,3901,4154,539,764,4027.5,651.5,33
602,NYALE-04_000602.JPG,5243,5465,483,706,5354.0,594.5,26
602,NYALE-04_000602.JPG,1240,1431,674,912,1335.5,793.0,17
602,NYALE-04_000602.JPG,5188,5459,1772,1976,5323.5,1874.0,27
602,NYALE-04_000602.JPG,5366,5610,1279,1534,5488.0,1406.5,31
602,NYALE-04_000602.JPG,4767,5044,1040,1308,4905.5,1174.0,20
604,NYALE-04_000604.JPG,4847,5058,1,169,4952.5,85.0,35
604,NYALE-04_000604.JPG,5321,5550,859,1082,5435.5,970.5,42
604,NYALE-04_000604.JPG,3785,3974,796,1023,3879.5,909.5,39
604,NYALE-04_000604.JPG,4170,4397,271,469,4283.5,370.0,41
604,NYALE-04_000604.JPG,3439,3603,1548,1710,3521.0,1629.0,38
604,NYALE-04_000604.JPG,5113,5407,1575,1813,5260.0,1694.0,40
604,NYALE-04_000604.JPG,1946,2153,1095,1320,2049.5,1207.5,7
604,NYALE-04_000604.JPG,3930,4175,528,739,4052.5,633.5,33
604,NYALE-04_000604.JPG,5287,5499,448,674,5393.0,561.0,26
604,NYALE-04_000604.JPG,5407,5645,1182,1453,5526.0,1317.5,31
604,NYALE-04_000604.JPG,5247,5508,1678,1921,5377.5,1799.5,27
604,NYALE-04_000604.JPG,1238,1431,620,860,1334.5,740.0,17
604,NYALE-04_000604.JPG,4817,5078,977,1259,4947.5,1118.0,20
607,NYALE-04_000607.JPG,4858,5080,0,139,4969.0,69.5,35
607,NYALE-04_000607.JPG,5466,5677,1108,1361,5571.5,1234.5,31
607,NYALE-04_000607.JPG,5359,5570,1628,1860,5464.5,1744.0,27
607,NYALE-04_000607.JPG,5379,5569,394,614,5474.0,504.0,26
607,NYALE-04_000607.JPG,2042,2224,1048,1256,2133.0,1152.0,7
607,NYALE-04_000607.JPG,3869,4044,771,995,3956.5,883.0,39
607,NYALE-04_000607.JPG,5371,5579,785,1007,5475.0,896.0,42
607,NYALE-04_000607.JPG,4924,5163,902,1176,5043.5,1039.0,20
607,NYALE-04_000607.JPG,4083,4289,484,688,4186.0,586.0,33
607,NYALE-04_000607.JPG,1346,1595,488,707,1470.5,597.5,17
607,NYALE-04_000607.JPG,3535,3701,1523,1683,3618.0,1603.0,38
607,NYALE-04_000607.JPG,5166,5499,1537,1753,5332.5,1645.0,40
607,NYALE-04_000607.JPG,4317,4501,233,438,4409.0,335.5,41
608,NYALE-04_000608.JPG,5450,5667,1114,1378,5558.5,1246.0,31
608,NYALE-04_000608.JPG,4847,5058,0,118,4952.5,59.0,35
608,NYALE-04_000608.JPG,5354,5569,1625,1869,5461.5,1747.0,27
608,NYALE-04_000608.JPG,2009,2192,1059,1265,2100.5,1162.0,7
608,NYALE-04_000608.JPG,3854,4021,767,990,3937.5,878.5,39
608,NYALE-04_000608.JPG,4045,4261,482,689,4153.0,585.5,33
608,NYALE-04_000608.JPG,5387,5574,396,619,5480.5,507.5,26
608,NYALE-04_000608.JPG,5364,5580,784,1009,5472.0,896.5,42
608,NYALE-04_000608.JPG,1322,1561,501,716,1441.5,608.5,17
608,NYALE-04_000608.JPG,4910,5154,896,1167,5032.0,1031.5,20
608,NYALE-04_000608.JPG,4281,4477,230,433,4379.0,331.5,41
608,NYALE-04_000608.JPG,3510,3688,1512,1669,3599.0,1590.5,38
608,NYALE-04_000608.JPG,5159,5488,1539,1757,5323.5,1648.0,40
610,NYALE-04_000610.JPG,4847,5058,0,130,4952.5,65.0,35
610,NYALE-04_000610.JPG,4018,4243,481,698,4130.5,589.5,33
610,NYALE-04_000610.JPG,5344,5546,413,642,5445.0,527.5,26
610,NYALE-04_000610.JPG,1308,1543,529,752,1425.5,640.5,17
610,NYALE-04_000610.JPG,2008,2203,1064,1277,2105.5,1170.5,7
610,NYALE-04_000610.JPG,3475,3655,1532,1705,3565.0,1618.5,38
610,NYALE-04_000610.JPG,3856,4025,769,992,3940.5,880.5,39
610,NYALE-04_000610.JPG,5299,5545,1665,1906,5422.0,1785.5,27
610,NYALE-04_000610.JPG,5374,5576,797,1024,5475.0,910.5,42
610,NYALE-04_000610.JPG,4266,4460,230,437,4363.0,333.5,41
610,NYALE-04_000610.JPG,5433,5663,1167,1431,5548.0,1299.0,31
610,NYALE-04_000610.JPG,5163,5425,1537,1764,5294.0,1650.5,40
610,NYALE-04_000610.JPG,4881,5134,913,1194,5007.5,1053.5,20
613,NYALE-04_000613.JPG,5326,5552,830,1050,5439.0,940.0,42
613,NYALE-04_000613.JPG,4824,5058,0,127,4941.0,63.5,35
613,NYALE-04_000613.JPG,3798,3990,780,991,3894.0,885.5,39
613,NYALE-04_000613.JPG,5147,5376,1553,1804,5261.5,1678.5,40
613,NYALE-04_000613.JPG,1978,2163,1091,1308,2070.5,1199.5,7
613,NYALE-04_000613.JPG,4167,4396,282,480,4281.5,381.0,41
613,NYALE-04_000613.JPG,3398,3599,1575,1767,3498.5,1671.0,38
613,NYALE-04_000613.JPG,3933,4181,512,729,4057.0,620.5,33
613,NYALE-04_000613.JPG,5402,5638,1204,1474,5520.0,1339.0,31
613,NYALE-04_000613.JPG,5244,5508,1704,1933,5376.0,1818.5,27
613,NYALE-04_000613.JPG,5250,5464,456,692,5357.0,574.0,26
613,NYALE-04_000613.JPG,1257,1455,637,873,1356.0,755.0,17
613,NYALE-04_000613.JPG,4807,5087,1013,1277,4947.0,1145.0,20
615,NYALE-04_000615.JPG,5358,5579,1656,1900,5468.5,1778.0,27
615,NYALE-04_000615.JPG,5458,5682,1120,1396,5570.0,1258.0,31
615,NYALE-04_000615.JPG,5359,5558,425,663,5458.5,544.0,26
615,NYALE-04_000615.JPG,4230,4436,253,458,4333.0,355.5,41
615,NYALE-04_000615.JPG,4824,5058,0,139,4941.0,69.5,35
615,NYALE-04_000615.JPG,3829,3990,779,999,3909.5,889.0,39
615,NYALE-04_000615.JPG,3985,4223,481,700,4104.0,590.5,33
615,NYALE-04_000615.JPG,5364,5580,810,1034,5472.0,922.0,42
615,NYALE-04_000615.JPG,1283,1496,571,800,1389.5,685.5,17
615,NYALE-04_000615.JPG,1980,2179,1098,1307,2079.5,1202.5,7
615,NYALE-04_000615.JPG,5155,5380,1554,1773,5267.5,1663.5,40
615,NYALE-04_000615.JPG,3491,3679,1550,1739,3585.0,1644.5,38
615,NYALE-04_000615.JPG,4888,5148,938,1214,5018.0,1076.0,20
617,NYALE-04_000617.JPG,4847,5058,0,133,4952.5,66.5,35
617,NYALE-04_000617.JPG,3840,4005,774,984,3922.5,879.0,39
617,NYALE-04_000617.JPG,2005,2199,1068,1275,2102.0,1171.5,7
617,NYALE-04_000617.JPG,5489,5695,1076,1351,5592.0,1213.5,31
617,NYALE-04_000617.JPG,4932,5176,873,1150,5054.0,1011.5,20
617,NYALE-04_000617.JPG,5409,5599,405,639,5504.0,522.0,26
617,NYALE-04_000617.JPG,4035,4265,454,666,4150.0,560.0,33
617,NYALE-04_000617.JPG,5387,5607,790,1015,5497.0,902.5,42
617,NYALE-04_000617.JPG,4283,4481,236,441,4382.0,338.5,41
617,NYALE-04_000617.JPG,1311,1563,500,723,1437.0,611.5,17
617,NYALE-04_000617.JPG,5185,5409,1519,1758,5297.0,1638.5,40
617,NYALE-04_000617.JPG,5418,5613,1602,1858,5515.5,1730.0,27
617,NYALE-04_000617.JPG,3539,3726,1515,1697,3632.5,1606.0,38
620,NYALE-04_000620.JPG,4847,5058,0,121,4952.5,60.5,35
620,NYALE-04_000620.JPG,5501,5690,1122,1390,5595.5,1256.0,31
620,NYALE-04_000620.JPG,3849,4014,771,981,3931.5,876.0,39
620,NYALE-04_000620.JPG,5406,5604,1647,1884,5505.0,1765.5,27
620,NYALE-04_000620.JPG,2033,2207,1059,1270,2120.0,1164.5,7
620,NYALE-04_000620.JPG,4959,5178,880,1151,5068.5,1015.5,20
620,NYALE-04_000620.JPG,5437,5604,440,666,5520.5,553.0,26
620,NYALE-04_000620.JPG,5409,5606,793,1012,5507.5,902.5,42
620,NYALE-04_000620.JPG,5205,5421,1520,1756,5313.0,1638.0,40
620,NYALE-04_000620.JPG,4067,4273,458,667,4170.0,562.5,33
620,NYALE-04_000620.JPG,1330,1578,492,713,1454.0,602.5,17
620,NYALE-04_000620.JPG,3544,3732,1528,1703,3638.0,1615.5,38
620,NYALE-04_000620.JPG,4326,4507,228,428,4416.5,328.0,41
622,NYALE-04_000622.JPG,4847,5058,0,124,4952.5,62.0,35
622,NYALE-04_000622.JPG,5361,5596,1688,1921,5478.5,1804.5,27
622,NYALE-04_000622.JPG,3854,4019,765,975,3936.5,870.0,39
622,NYALE-04_000622.JPG,5478,5687,1158,1425,5582.5,1291.5,31
622,NYALE-04_000622.JPG,1305,1551,514,740,1428.0,627.0,17
622,NYALE-04_000622.JPG,2027,2211,1077,1273,2119.0,1175.0,7
622,NYALE-04_000622.JPG,5404,5594,456,686,5499.0,571.0,26
622,NYALE-04_000622.JPG,5391,5601,795,1015,5496.0,905.0,42
622,NYALE-04_000622.JPG,4042,4270,468,687,4156.0,577.5,33
622,NYALE-04_000622.JPG,5203,5418,1540,1755,5310.5,1647.5,40
622,NYALE-04_000622.JPG,3519,3705,1541,1732,3612.0,1636.5,38
622,NYALE-04_000622.JPG,4307,4496,232,427,4401.5,329.5,41
622,NYALE-04_000622.JPG,4942,5179,916,1189,5060.5,1052.5,20
623,NYALE-04_000623.JPG,4847,5058,0,118,4952.5,59.0,35
623,NYALE-04_000623.JPG,5371,5580,450,691,5475.5,570.5,26
623,NYALE-04_000623.JPG,3482,3691,1547,1739,3586.5,1643.0,38
623,NYALE-04_000623.JPG,1297,1548,517,750,1422.5,633.5,17
623,NYALE-04_000623.JPG,4020,4263,463,691,4141.5,577.0,33
623,NYALE-04_000623.JPG,3852,4017,762,972,3934.5,867.0,39
623,NYALE-04_000623.JPG,2017,2215,1069,1269,2116.0,1169.0,7
623,NYALE-04_000623.JPG,5333,5589,1694,1933,5461.0,1813.5,27
623,NYALE-04_000623.JPG,5377,5597,783,1010,5487.0,896.5,42
623,NYALE-04_000623.JPG,5197,5416,1545,1753,5306.5,1649.0,40
623,NYALE-04_000623.JPG,5477,5685,1170,1442,5581.0,1306.0,31
623,NYALE-04_000623.JPG,4285,4491,233,438,4388.0,335.5,41
623,NYALE-04_000623.JPG,4925,5175,933,1205,5050.0,1069.0,20
624,NYALE-04_000624.JPG,3451,3660,1547,1742,3555.5,1644.5,38
624,NYALE-04_000624.JPG,5346,5558,442,686,5452.0,564.0,26
624,NYALE-04_000624.JPG,1292,1522,530,764,1407.0,647.0,17
624,NYALE-04_000624.JPG,4847,5058,0,118,4952.5,59.0,35
624,NYALE-04_000624.JPG,3840,4005,771,981,3922.5,876.0,39
624,NYALE-04_000624.JPG,2010,2194,1069,1273,2102.0,1171.0,7
624,NYALE-04_000624.JPG,4262,4468,233,438,4365.0,335.5,41
624,NYALE-04_000624.JPG,3996,4248,456,687,4122.0,571.5,33
624,NYALE-04_000624.JPG,5179,5407,1554,1757,5293.0,1655.5,40
624,NYALE-04_000624.JPG,5366,5587,786,1012,5476.5,899.0,42
624,NYALE-04_000624.JPG,5447,5676,1170,1446,5561.5,1308.0,31
624,NYALE-04_000624.JPG,5318,5567,1705,1938,5442.5,1821.5,27
624,NYALE-04_000624.JPG,4910,5165,940,1215,5037.5,1077.5,20
627,NYALE-04_000627.JPG,4847,5058,0,130,4952.5,65.0,35
627,NYALE-04_000627.JPG,1286,1495,540,768,1390.5,654.0,17
627,NYALE-04_000627.JPG,2007,2175,1074,1268,2091.0,1171.0,7
627,NYALE-04_000627.JPG,4241,4437,231,417,4339.0,324.0,41
627,NYALE-04_000627.JPG,3852,4017,762,972,3934.5,867.0,39
627,NYALE-04_000627.JPG,5356,5574,783,1006,5465.0,894.5,42
627,NYALE-04_000627.JPG,5175,5381,1550,1750,5278.0,1650.0,40
627,NYALE-04_000627.JPG,5404,5651,1128,1399,5527.5,1263.5,31
627,NYALE-04_000627.JPG,3970,4218,457,677,4094.0,567.0,33
627,NYALE-04_000627.JPG,3403,3615,1547,1729,3509.0,1638.0,38
627,NYALE-04_000627.JPG,4887,5134,940,1214,5010.5,1077.0,20
627,NYALE-04_000627.JPG,5288,5514,400,637,5401.0,518.5,26
627,NYALE-04_000627.JPG,5267,5529,1678,1915,5398.0,1796.5,27
628,NYALE-04_000628.JPG,4847,5058,0,118,4952.5,59.0,35
628,NYALE-04_000628.JPG,1991,2164,1058,1260,2077.5,1159.0,7
628,NYALE-04_000628.JPG,1270,1482,511,756,1376.0,633.5,17
628,NYALE-04_000628.JPG,3809,3974,765,975,3891.5,870.0,39
628,NYALE-04_000628.JPG,4867,5120,887,1166,4993.5,1026.5,20
628,NYALE-04_000628.JPG,4219,4422,212,407,4320.5,309.5,41
628,NYALE-04_000628.JPG,5337,5544,756,982,5440.5,869.0,42
628,NYALE-04_000628.JPG,5175,5381,1515,1715,5278.0,1615.0,40
628,NYALE-04_000628.JPG,3943,4196,434,651,4069.5,542.5,33
628,NYALE-04_000628.JPG,3383,3592,1521,1699,3487.5,1610.0,38
628,NYALE-04_000628.JPG,5257,5529,1623,1872,5393.0,1747.5,27
628,NYALE-04_000628.JPG,5382,5639,1032,1312,5510.5,1172.0,31
628,NYALE-04_000628.JPG,5259,5485,351,588,5372.0,469.5,26
636,NYALE-04_000636.JPG,3485,3677,1532,1712,3581.0,1622.0,38
636,NYALE-04_000636.JPG,2009,2177,1065,1233,2093.0,1149.0,7
636,NYALE-04_000636.JPG,4284,4460,233,424,4372.0,328.5,41
636,NYALE-04_000636.JPG,5381,5583,779,998,5482.0,888.5,42
636,NYALE-04_000636.JPG,1300,1537,507,724,1418.5,615.5,17
636,NYALE-04_000636.JPG,5473,5682,1076,1342,5577.5,1209.0,31
636,NYALE-04_000636.JPG,5372,5594,1608,1862,5483.0,1735.0,27
636,NYALE-04_000636.JPG,3994,4239,439,648,4116.5,543.5,33
636,NYALE-04_000636.JPG,3852,4032,765,913,3942.0,839.0,39
636,NYALE-04_000636.JPG,4911,5151,852,1110,5031.0,981.0,20
636,NYALE-04_000636.JPG,5334,5543,369,596,5438.5,482.5,26
638,NYALE-04_000638.JPG,4929,5159,910,1172,5044.0,1041.0,20
638,NYALE-04_000638.JPG,5364,5600,1656,1914,5482.0,1785.0,27
638,NYALE-04_000638.JPG,2023,2191,1081,1249,2107.0,1165.0,7
638,NYALE-04_000638.JPG,5479,5694,1152,1411,5586.5,1281.5,31
638,NYALE-04_000638.JPG,1313,1545,521,747,1429.0,634.0,17
638,NYALE-04_000638.JPG,5368,5567,401,636,5467.5,518.5,26
638,NYALE-04_000638.JPG,5403,5596,797,1011,5499.5,904.0,42
638,NYALE-04_000638.JPG,4029,4259,459,675,4144.0,567.0,33
638,NYALE-04_000638.JPG,4310,4478,237,430,4394.0,333.5,41
638,NYALE-04_000638.JPG,3853,4047,765,912,3950.0,838.5,39
638,NYALE-04_000638.JPG,3512,3718,1562,1766,3615.0,1664.0,38
639,NYALE-04_000639.JPG,1295,1524,513,749,1409.5,631.0,17
639,NYALE-04_000639.JPG,2019,2204,1072,1261,2111.5,1166.5,7
639,NYALE-04_000639.JPG,5360,5605,1716,1952,5482.5,1834.0,27
639,NYALE-04_000639.JPG,4935,5215,940,1204,5075.0,1072.0,20
639,NYALE-04_000639.JPG,4052,4278,450,667,4165.0,558.5,33
639,NYALE-04_000639.JPG,5424,5631,814,1034,5527.5,924.0,42
639,NYALE-04_000639.JPG,3861,4053,748,921,3957.0,834.5,39
639,NYALE-04_000639.JPG,4327,4495,237,430,4411.0,333.5,41
639,NYALE-04_000639.JPG,5416,5630,459,695,5523.0,577.0,26
639,NYALE-04_000639.JPG,5498,5734,1204,1474,5616.0,1339.0,31
639,NYALE-04_000639.JPG,3562,3763,1588,1802,3662.5,1695.0,38
640,NYALE-04_000640.JPG,1993,2178,1083,1265,2085.5,1174.0,7
640,NYALE-04_000640.JPG,4269,4454,240,457,4361.5,348.5,41
640,NYALE-04_000640.JPG,5390,5600,822,1045,5495.0,933.5,42
640,NYALE-04_000640.JPG,3844,3994,768,927,3919.0,847.5,39
640,NYALE-04_000640.JPG,1247,1451,563,795,1349.0,679.0,17
640,NYALE-04_000640.JPG,4938,5169,981,1247,5053.5,1114.0,20
640,NYALE-04_000640.JPG,4040,4269,428,644,4154.5,536.0,33
640,NYALE-04_000640.JPG,5422,5610,517,757,5516.0,637.0,26
640,NYALE-04_000640.JPG,3508,3718,1647,1848,3613.0,1747.5,38
640,NYALE-04_000640.JPG,5277,5545,1817,1998,5411.0,1907.5,27
640,NYALE-04_000640.JPG,5486,5703,1263,1509,5594.5,1386.0,31
643,NYALE-04_000643.JPG,3841,3991,797,956,3916.0,876.5,39
643,NYALE-04_000643.JPG,4276,4444,263,450,4360.0,356.5,41
643,NYALE-04_000643.JPG,2004,2180,1128,1293,2092.0,1210.5,7
643,NYALE-04_000643.JPG,4049,4279,447,673,4164.0,560.0,33
643,NYALE-04_000643.JPG,5424,5624,865,1085,5524.0,975.0,42
643,NYALE-04_000643.JPG,1233,1420,624,852,1326.5,738.0,17
643,NYALE-04_000643.JPG,5271,5533,1825,2010,5402.0,1917.5,27
643,NYALE-04_000643.JPG,4939,5174,1093,1331,5056.5,1212.0,20
643,NYALE-04_000643.JPG,3523,3730,1700,1887,3626.5,1793.5,38
643,NYALE-04_000643.JPG,5439,5630,607,816,5534.5,711.5,26
643,NYALE-04_000643.JPG,5458,5694,1351,1579,5576.0,1465.0,31
645,NYALE-04_000645.JPG,2007,2182,1132,1298,2094.5,1215.0,7
645,NYALE-04_000645.JPG,4302,4471,268,448,4386.5,358.0,41
645,NYALE-04_000645.JPG,4063,4293,448,672,4178.0,560.0,33
645,NYALE-04_000645.JPG,1230,1408,629,856,1319.0,742.5,17
645,NYALE-04_000645.JPG,5462,5663,883,1108,5562.5,995.5,42
645,NYALE-04_000645.JPG,5288,5554,1823,2012,5421.0,1917.5,27
645,NYALE-04_000645.JPG,4961,5191,1104,1334,5076.0,1219.0,20
645,NYALE-04_000645.JPG,3566,3761,1699,1895,3663.5,1797.0,38
645,NYALE-04_000645.JPG,5438,5632,614,829,5535.0,721.5,26
645,NYALE-04_000645.JPG,5466,5710,1328,1570,5588.0,1449.0,31
647,NYALE-04_000647.JPG,2032,2184,1124,1288,2108.0,1206.0,7
647,NYALE-04_000647.JPG,4324,4483,263,465,4403.5,364.0,41
647,NYALE-04_000647.JPG,4073,4301,451,673,4187.0,562.0,33
647,NYALE-04_000647.JPG,1231,1420,591,829,1325.5,710.0,17
647,NYALE-04_000647.JPG,5329,5570,1779,1990,5449.5,1884.5,27
647,NYALE-04_000647.JPG,5462,5661,881,1098,5561.5,989.5,42
647,NYALE-04_000647.JPG,4984,5199,1078,1304,5091.5,1191.0,20
647,NYALE-04_000647.JPG,5495,5723,1288,1538,5609.0,1413.0,31
647,NYALE-04_000647.JPG,3577,3772,1659,1862,3674.5,1760.5,38
647,NYALE-04_000647.JPG,5456,5638,606,814,5547.0,710.0,26
649,NYALE-04_000649.JPG,2022,2189,1113,1288,2105.5,1200.5,7
649,NYALE-04_000649.JPG,5353,5599,1753,1972,5476.0,1862.5,27
649,NYALE-04_000649.JPG,4068,4304,439,657,4186.0,548.0,33
649,NYALE-04_000649.JPG,1220,1399,575,799,1309.5,687.0,17
649,NYALE-04_000649.JPG,4971,5191,1017,1266,5081.0,1141.5,20
649,NYALE-04_000649.JPG,5511,5730,1259,1512,5620.5,1385.5,31
649,NYALE-04_000649.JPG,5479,5676,888,1104,5577.5,996.0,42
649,NYALE-04_000649.JPG,3582,3775,1626,1838,3678.5,1732.0,38
649,NYALE-04_000649.JPG,5464,5652,589,811,5558.0,700.0,26
652,NYALE-04_000652.JPG,4007,4274,499,729,4140.5,614.0,33
652,NYALE-04_000652.JPG,1206,1380,648,857,1293.0,752.5,17
652,NYALE-04_000652.JPG,5282,5547,1851,2035,5414.5,1943.0,27
652,NYALE-04_000652.JPG,4923,5161,1113,1348,5042.0,1230.5,20
652,NYALE-04_000652.JPG,5487,5711,1345,1582,5599.0,1463.5,31
652,NYALE-04_000652.JPG,5438,5640,654,860,5539.0,757.0,42
652,NYALE-04_000652.JPG,3614,3803,1716,1906,3708.5,1811.0,38
652,NYALE-04_000652.JPG,5499,5701,979,1172,5600.0,1075.5,44
657,NYALE-04_000657.JPG,5330,5574,1680,1933,5452.0,1806.5,27
657,NYALE-04_000657.JPG,4940,5160,980,1215,5050.0,1097.5,20
657,NYALE-04_000657.JPG,5460,5685,1132,1398,5572.5,1265.0,31
657,NYALE-04_000657.JPG,1237,1434,566,775,1335.5,670.5,17
657,NYALE-04_000657.JPG,5485,5683,935,1122,5584.0,1028.5,44
657,NYALE-04_000657.JPG,4070,4308,479,703,4189.0,591.0,33
657,NYALE-04_000657.JPG,3581,3776,1635,1835,3678.5,1735.0,38
657,NYALE-04_000657.JPG,5434,5631,574,796,5532.5,685.0,42
660,NYALE-04_000660.JPG,3487,3705,1555,1760,3596.0,1657.5,38
660,NYALE-04_000660.JPG,1253,1458,568,773,1355.5,670.5,17
660,NYALE-04_000660.JPG,4009,4274,456,678,4141.5,567.0,33
660,NYALE-04_000660.JPG,5469,5669,885,1087,5569.0,986.0,44
660,NYALE-04_000660.JPG,4918,5148,893,1137,5033.0,1015.0,20
660,NYALE-04_000660.JPG,5340,5583,1599,1872,5461.5,1735.5,27
660,NYALE-04_000660.JPG,5421,5661,1085,1350,5541.0,1217.5,31
660,NYALE-04_000660.JPG,5411,5611,485,735,5511.0,610.0,42
667,NYALE-04_000667.JPG,1256,1457,581,776,1356.5,678.5,17
667,NYALE-04_000667.JPG,4907,5117,997,1226,5012.0,1111.5,20
667,NYALE-04_000667.JPG,3955,4226,489,733,4090.5,611.0,33
667,NYALE-04_000667.JPG,5442,5673,1205,1463,5557.5,1334.0,31
667,NYALE-04_000667.JPG,5297,5553,1735,1970,5425.0,1852.5,27
667,NYALE-04_000667.JPG,3466,3685,1626,1823,3575.5,1724.5,38
667,NYALE-04_000667.JPG,5423,5615,868,1067,5519.0,967.5,42
667,NYALE-04_000667.JPG,5361,5573,473,718,5467.0,595.5,45
669,NYALE-04_000669.JPG,4909,5117,977,1214,5013.0,1095.5,20
669,NYALE-04_000669.JPG,5364,5578,472,708,5471.0,590.0,45
669,NYALE-04_000669.JPG,1256,1454,574,785,1355.0,679.5,17
669,NYALE-04_000669.JPG,3968,4234,476,713,4101.0,594.5,33
669,NYALE-04_000669.JPG,5445,5681,1188,1458,5563.0,1323.0,31
669,NYALE-04_000669.JPG,3481,3705,1603,1807,3593.0,1705.0,38
669,NYALE-04_000669.JPG,5302,5566,1735,1964,5434.0,1849.5,27
669,NYALE-04_000669.JPG,5395,5622,873,1071,5508.5,972.0,42
671,NYALE-04_000671.JPG,3989,4263,457,693,4126.0,575.0,33
671,NYALE-04_000671.JPG,5385,5599,466,718,5492.0,592.0,45
671,NYALE-04_000671.JPG,1250,1454,571,770,1352.0,670.5,17
671,NYALE-04_000671.JPG,5468,5697,1164,1431,5582.5,1297.5,31
671,NYALE-04_000671.JPG,5339,5589,1708,1952,5464.0,1830.0,27
671,NYALE-04_000671.JPG,3500,3718,1591,1792,3609.0,1691.5,38
671,NYALE-04_000671.JPG,4916,5142,939,1181,5029.0,1060.0,20
671,NYALE-04_000671.JPG,5410,5611,865,1065,5510.5,965.0,42
677,NYALE-04_000677.JPG,5364,5578,472,708,5471.0,590.0,45
677,NYALE-04_000677.JPG,5313,5577,1682,1937,5445.0,1809.5,27
677,NYALE-04_000677.JPG,1268,1466,562,773,1367.0,667.5,17
677,NYALE-04_000677.JPG,5445,5681,1188,1458,5563.0,1323.0,31
677,NYALE-04_000677.JPG,3968,4234,476,713,4101.0,594.5,33
677,NYALE-04_000677.JPG,3451,3675,1582,1786,3563.0,1684.0,38
677,NYALE-04_000677.JPG,4893,5119,925,1167,5006.0,1046.0,20
677,NYALE-04_000677.JPG,5419,5620,851,1051,5519.5,951.0,42
678,NYALE-04_000678.JPG,5312,5568,1692,1940,5440.0,1816.0,27
678,NYALE-04_000678.JPG,5431,5671,1193,1451,5551.0,1322.0,31
678,NYALE-04_000678.JPG,5351,5569,447,697,5460.0,572.0,45
678,NYALE-04_000678.JPG,1270,1468,564,752,1369.0,658.0,17
678,NYALE-04_000678.JPG,3957,4235,466,703,4096.0,584.5,33
678,NYALE-04_000678.JPG,3438,3666,1577,1780,3552.0,1678.5,38
678,NYALE-04_000678.JPG,4890,5113,932,1166,5001.5,1049.0,20
678,NYALE-04_000678.JPG,5419,5620,851,1051,5519.5,951.0,42
680,NYALE-04_000680.JPG,5307,5566,1683,1936,5436.5,1809.5,27
680,NYALE-04_000680.JPG,5427,5669,1188,1446,5548.0,1317.0,31
680,NYALE-04_000680.JPG,3968,4240,465,706,4104.0,585.5,33
680,NYALE-04_000680.JPG,3445,3674,1577,1790,3559.5,1683.5,38
680,NYALE-04_000680.JPG,1283,1488,557,748,1385.5,652.5,17
680,NYALE-04_000680.JPG,5340,5567,429,678,5453.5,553.5,45
680,NYALE-04_000680.JPG,4891,5109,935,1167,5000.0,1051.0,20
685,NYALE-04_000685.JPG,3469,3689,1565,1773,3579.0,1669.0,38
685,NYALE-04_000685.JPG,3989,4263,461,700,4126.0,580.5,33
685,NYALE-04_000685.JPG,5452,5687,1168,1426,5569.5,1297.0,31
685,NYALE-04_000685.JPG,5334,5586,1690,1941,5460.0,1815.5,27
685,NYALE-04_000685.JPG,1280,1480,564,755,1380.0,659.5,17
685,NYALE-04_000685.JPG,4888,5103,945,1168,4995.5,1056.5,20
685,NYALE-04_000685.JPG,5330,5564,418,666,5447.0,542.0,45
688,NYALE-04_000688.JPG,1271,1471,599,794,1371.0,696.5,17
688,NYALE-04_000688.JPG,5447,5675,1205,1463,5561.0,1334.0,31
688,NYALE-04_000688.JPG,5313,5570,1718,1968,5441.5,1843.0,27
688,NYALE-04_000688.JPG,4879,5094,980,1203,4986.5,1091.5,20
688,NYALE-04_000688.JPG,3975,4254,491,734,4114.5,612.5,33
688,NYALE-04_000688.JPG,3448,3686,1589,1805,3567.0,1697.0,38
688,NYALE-04_000688.JPG,5315,5553,432,689,5434.0,560.5,45
689,NYALE-04_000689.JPG,5445,5671,1191,1436,5558.0,1313.5,31
689,NYALE-04_000689.JPG,5324,5575,1690,1945,5449.5,1817.5,27
689,NYALE-04_000689.JPG,1277,1479,575,772,1378.0,673.5,17
689,NYALE-04_000689.JPG,3983,4256,478,720,4119.5,599.0,33
689,NYALE-04_000689.JPG,3453,3680,1582,1789,3566.5,1685.5,38
689,NYALE-04_000689.JPG,5327,5554,428,679,5440.5,553.5,45
689,NYALE-04_000689.JPG,4885,5102,953,1179,4993.5,1066.0,20
693,NYALE-04_000693.JPG,5341,5566,445,693,5453.5,569.0,45
693,NYALE-04_000693.JPG,5303,5562,1707,1950,5432.5,1828.5,27
693,NYALE-04_000693.JPG,1272,1470,566,759,1371.0,662.5,17
693,NYALE-04_000693.JPG,3950,4223,465,705,4086.5,585.0,33
693,NYALE-04_000693.JPG,4909,5121,939,1165,5015.0,1052.0,20
693,NYALE-04_000693.JPG,5444,5668,1237,1480,5556.0,1358.5,31
693,NYALE-04_000693.JPG,3420,3645,1598,1805,3532.5,1701.5,38
694,NYALE-04_000694.JPG,4925,5136,959,1207,5030.5,1083.0,20
694,NYALE-04_000694.JPG,1263,1454,575,757,1358.5,666.0,17
694,NYALE-04_000694.JPG,5361,5578,468,719,5469.5,593.5,45
694,NYALE-04_000694.JPG,3959,4232,457,696,4095.5,576.5,33
694,NYALE-04_000694.JPG,5303,5562,1742,1985,5432.5,1863.5,27
694,NYALE-04_000694.JPG,3411,3651,1606,1828,3531.0,1717.0,38
694,NYALE-04_000694.JPG,5460,5677,1266,1504,5568.5,1385.0,31
697,NYALE-04_000697.JPG,1262,1479,575,777,1370.5,676.0,17
697,NYALE-04_000697.JPG,3986,4252,476,713,4119.0,594.5,33
697,NYALE-04_000697.JPG,5373,5587,475,711,5480.0,593.0,45
697,NYALE-04_000697.JPG,5287,5551,1741,1996,5419.0,1868.5,27
697,NYALE-04_000697.JPG,3427,3650,1625,1836,3538.5,1730.5,38
697,NYALE-04_000697.JPG,5448,5684,1264,1506,5566.0,1385.0,31
702,NYALE-04_000702.JPG,1280,1495,567,750,1387.5,658.5,17
702,NYALE-04_000702.JPG,3476,3706,1549,1767,3591.0,1658.0,38
702,NYALE-04_000702.JPG,4025,4288,468,700,4156.5,584.0,33
702,NYALE-04_000702.JPG,5356,5585,403,655,5470.5,529.0,45
702,NYALE-04_000702.JPG,5353,5613,1658,1920,5483.0,1789.0,27
702,NYALE-04_000702.JPG,5442,5682,1128,1367,5562.0,1247.5,31
703,NYALE-04_000703.JPG,1284,1495,573,749,1389.5,661.0,17
703,NYALE-04_000703.JPG,4026,4289,466,689,4157.5,577.5,33
703,NYALE-04_000703.JPG,3464,3700,1536,1754,3582.0,1645.0,38
703,NYALE-04_000703.JPG,5355,5585,395,639,5470.0,517.0,45
703,NYALE-04_000703.JPG,5364,5607,1635,1909,5485.5,1772.0,27
703,NYALE-04_000703.JPG,5453,5678,1130,1356,5565.5,1243.0,31
710,NYALE-04_000710.JPG,1276,1483,583,760,1379.5,671.5,17
710,NYALE-04_000710.JPG,3989,4257,481,712,4123.0,596.5,33
710,NYALE-04_000710.JPG,5441,5664,1229,1442,5552.5,1335.5,31
710,NYALE-04_000710.JPG,5306,5539,452,701,5422.5,576.5,45
710,NYALE-04_000710.JPG,5272,5537,1758,1991,5404.5,1874.5,27
710,NYALE-04_000710.JPG,3395,3626,1636,1848,3510.5,1742.0,38
711,NYALE-04_000711.JPG,3976,4244,500,723,4110.0,611.5,33
711,NYALE-04_000711.JPG,5305,5529,470,715,5417.0,592.5,45
711,NYALE-04_000711.JPG,5257,5521,1769,1990,5389.0,1879.5,27
711,NYALE-04_000711.JPG,3393,3620,1661,1861,3506.5,1761.0,38
714,NYALE-04_000714.JPG,5312,5539,470,720,5425.5,595.0,45
714,NYALE-04_000714.JPG,3979,4252,510,742,4115.5,626.0,33
714,NYALE-04_000714.JPG,5273,5534,1731,1975,5403.5,1853.0,27
714,NYALE-04_000714.JPG,3416,3649,1621,1834,3532.5,1727.5,38
717,NYALE-04_000717.JPG,5325,5539,475,711,5432.0,593.0,45
717,NYALE-04_000717.JPG,5279,5543,1707,1962,5411.0,1834.5,27
717,NYALE-04_000717.JPG,3978,4244,496,733,4111.0,614.5,33
717,NYALE-04_000717.JPG,3419,3642,1593,1804,3530.5,1698.5,38
719,NYALE-04_000719.JPG,5310,5558,1706,1954,5434.0,1830.0,27
719,NYALE-04_000719.JPG,5340,5555,460,714,5447.5,587.0,45
719,NYALE-04_000719.JPG,3440,3665,1576,1792,3552.5,1684.0,38
719,NYALE-04_000719.JPG,3985,4264,503,732,4124.5,617.5,33
720,NYALE-04_000720.JPG,5349,5563,456,702,5456.0,579.0,45
720,NYALE-04_000720.JPG,5322,5573,1708,1955,5447.5,1831.5,27
720,NYALE-04_000720.JPG,3990,4267,481,710,4128.5,595.5,33
720,NYALE-04_000720.JPG,3442,3673,1556,1772,3557.5,1664.0,38
730,NYALE-04_000730.JPG,3982,4280,461,704,4131.0,582.5,33
730,NYALE-04_000730.JPG,5299,5576,1700,1964,5437.5,1832.0,27
730,NYALE-04_000730.JPG,3546,3772,1597,1832,3659.0,1714.5,38
730,NYALE-04_000730.JPG,5446,5671,467,718,5558.5,592.5,45
731,NYALE-04_000731.JPG,5311,5565,1708,1953,5438.0,1830.5,27
731,NYALE-04_000731.JPG,4006,4274,463,698,4140.0,580.5,33
731,NYALE-04_000731.JPG,3552,3802,1605,1845,3677.0,1725.0,38
731,NYALE-04_000731.JPG,5468,5654,468,710,5561.0,589.0,45
732,NYALE-04_000732.JPG,5315,5565,1710,1951,5440.0,1830.5,27
732,NYALE-04_000732.JPG,3990,4270,469,701,4130.0,585.0,33
732,NYALE-04_000732.JPG,3539,3764,1610,1814,3651.5,1712.0,38
732,NYALE-04_000732.JPG,5464,5651,469,708,5557.5,588.5,45
733,NYALE-04_000733.JPG,3988,4270,469,708,4129.0,588.5,33
733,NYALE-04_000733.JPG,5306,5568,1703,1946,5437.0,1824.5,27
733,NYALE-04_000733.JPG,3515,3748,1599,1817,3631.5,1708.0,38
733,NYALE-04_000733.JPG,5459,5653,465,709,5556.0,587.0,45
735,NYALE-04_000735.JPG,3467,3699,1593,1805,3583.0,1699.0,38
735,NYALE-04_000735.JPG,3978,4270,468,719,4124.0,593.5,33
735,NYALE-04_000735.JPG,5308,5565,1694,1940,5436.5,1817.0,27
735,NYALE-04_000735.JPG,5459,5649,462,705,5554.0,583.5,45
739,NYALE-04_000739.JPG,3964,4258,457,690,4111.0,573.5,33
739,NYALE-04_000739.JPG,5324,5577,1665,1916,5450.5,1790.5,27
739,NYALE-04_000739.JPG,5431,5642,418,668,5536.5,543.0,45
739,NYALE-04_000739.JPG,3336,3577,1399,1640,3456.5,1519.5,38
740,NYALE-04_000740.JPG,3961,4259,452,686,4110.0,569.0,33
740,NYALE-04_000740.JPG,5312,5581,1637,1908,5446.5,1772.5,27
740,NYALE-04_000740.JPG,5431,5645,401,645,5538.0,523.0,45
740,NYALE-04_000740.JPG,3332,3588,1403,1629,3460.0,1516.0,38
744,NYALE-04_000744.JPG,3985,4262,471,691,4123.5,581.0,33
744,NYALE-04_000744.JPG,5329,5576,1680,1924,5452.5,1802.0,27
744,NYALE-04_000744.JPG,5428,5634,421,659,5531.0,540.0,45
744,NYALE-04_000744.JPG,3361,3603,1448,1646,3482.0,1547.0,38
746,NYALE-04_000746.JPG,4003,4267,461,704,4135.0,582.5,33
746,NYALE-04_000746.JPG,5332,5578,1684,1921,5455.0,1802.5,27
746,NYALE-04_000746.JPG,5407,5632,417,668,5519.5,542.5,45
746,NYALE-04_000746.JPG,3391,3617,1446,1681,3504.0,1563.5,38
748,NYALE-04_000748.JPG,3986,4263,479,697,4124.5,588.0,33
748,NYALE-04_000748.JPG,5331,5574,1675,1919,5452.5,1797.0,27
748,NYALE-04_000748.JPG,5412,5627,419,652,5519.5,535.5,45
748,NYALE-04_000748.JPG,3385,3621,1474,1667,3503.0,1570.5,38
750,NYALE-04_000750.JPG,3970,4268,461,704,4119.0,582.5,33
750,NYALE-04_000750.JPG,5312,5589,1663,1927,5450.5,1795.0,27
750,NYALE-04_000750.JPG,5389,5614,392,643,5501.5,517.5,45
750,NYALE-04_000750.JPG,3387,3630,1467,1681,3508.5,1574.0,38
752,NYALE-04_000752.JPG,3984,4254,479,688,4119.0,583.5,33
752,NYALE-04_000752.JPG,5394,5603,404,639,5498.5,521.5,45
752,NYALE-04_000752.JPG,5332,5575,1651,1900,5453.5,1775.5,27
752,NYALE-04_000752.JPG,3388,3630,1480,1676,3509.0,1578.0,38
756,NYALE-04_000756.JPG,3982,4252,489,692,4117.0,590.5,33
756,NYALE-04_000756.JPG,5367,5574,410,646,5470.5,528.0,45
756,NYALE-04_000756.JPG,5327,5561,1666,1908,5444.0,1787.0,27
756,NYALE-04_000756.JPG,3401,3637,1515,1713,3519.0,1614.0,38
760,NYALE-04_000760.JPG,3977,4248,489,692,4112.5,590.5,33
760,NYALE-04_000760.JPG,5329,5555,1669,1905,5442.0,1787.0,27
760,NYALE-04_000760.JPG,5352,5557,418,645,5454.5,531.5,45
760,NYALE-04_000760.JPG,3410,3644,1558,1759,3527.0,1658.5,38
762,NYALE-04_000762.JPG,3982,4250,491,700,4116.0,595.5,33
762,NYALE-04_000762.JPG,3417,3652,1556,1763,3534.5,1659.5,38
762,NYALE-04_000762.JPG,5318,5558,1665,1910,5438.0,1787.5,27
762,NYALE-04_000762.JPG,5342,5561,413,645,5451.5,529.0,45
767,NYALE-04_000767.JPG,3991,4245,504,695,4118.0,599.5,33
767,NYALE-04_000767.JPG,3429,3649,1560,1771,3539.0,1665.5,38
767,NYALE-04_000767.JPG,5332,5552,1681,1912,5442.0,1796.5,27
767,NYALE-04_000767.JPG,5340,5546,415,642,5443.0,528.5,45
770,NYALE-04_000770.JPG,3986,4257,491,705,4121.5,598.0,33
770,NYALE-04_000770.JPG,3412,3663,1549,1772,3537.5,1660.5,38
770,NYALE-04_000770.JPG,5319,5560,1669,1920,5439.5,1794.5,27
770,NYALE-04_000770.JPG,5331,5552,410,655,5441.5,532.5,45
773,NYALE-04_000773.JPG,3427,3665,1559,1766,3546.0,1662.5,38
773,NYALE-04_000773.JPG,4000,4251,510,697,4125.5,603.5,33
773,NYALE-04_000773.JPG,5322,5552,1686,1913,5437.0,1799.5,27
773,NYALE-04_000773.JPG,5348,5544,405,636,5446.0,520.5,45
776,NYALE-04_000776.JPG,3434,3675,1561,1770,3554.5,1665.5,38
776,NYALE-04_000776.JPG,4021,4241,508,694,4131.0,601.0,33
776,NYALE-04_000776.JPG,5333,5553,1685,1902,5443.0,1793.5,27
776,NYALE-04_000776.JPG,5355,5533,408,623,5444.0,515.5,45
782,NYALE-04_000782.JPG,3437,3674,1555,1768,3555.5,1661.5,38
782,NYALE-04_000782.JPG,4032,4244,510,697,4138.0,603.5,33
782,NYALE-04_000782.JPG,5335,5546,1671,1900,5440.5,1785.5,27
782,NYALE-04_000782.JPG,5354,5527,401,623,5440.5,512.0,45
783,NYALE-04_000783.JPG,3433,3679,1555,1775,3556.0,1665.0,38
783,NYALE-04_000783.JPG,4031,4243,510,695,4137.0,602.5,33
783,NYALE-04_000783.JPG,5326,5555,1679,1896,5440.5,1787.5,27
785,NYALE-04_000785.JPG,4020,4235,501,691,4127.5,596.0,33
785,NYALE-04_000785.JPG,3422,3660,1554,1768,3541.0,1661.0,38
785,NYALE-04_000785.JPG,5322,5547,1680,1893,5434.5,1786.5,27
788,NYALE-04_000788.JPG,3419,3660,1556,1773,3539.5,1664.5,38
788,NYALE-04_000788.JPG,4024,4238,499,696,4131.0,597.5,33
788,NYALE-04_000788.JPG,5319,5547,1686,1890,5433.0,1788.0,27
790,NYALE-04_000790.JPG,4022,4238,497,694,4130.0,595.5,33
790,NYALE-04_000790.JPG,3424,3666,1566,1780,3545.0,1673.0,38
790,NYALE-04_000790.JPG,5319,5547,1686,1890,5433.0,1788.0,27
792,NYALE-04_000792.JPG,4015,4237,496,698,4126.0,597.0,33
792,NYALE-04_000792.JPG,3421,3669,1569,1782,3545.0,1675.5,38
794,NYALE-04_000794.JPG,4021,4235,492,698,4128.0,595.0,33
794,NYALE-04_000794.JPG,3427,3665,1565,1777,3546.0,1671.0,38
797,NYALE-04_000797.JPG,4024,4233,488,695,4128.5,591.5,33
797,NYALE-04_000797.JPG,3427,3662,1564,1773,3544.5,1668.5,38
798,NYALE-04_000798.JPG,4010,4234,491,693,4122.0,592.0,33
798,NYALE-04_000798.JPG,3431,3656,1570,1777,3543.5,1673.5,38
802,NYALE-04_000802.JPG,4024,4248,491,693,4136.0,592.0,33
802,NYALE-04_000802.JPG,3420,3665,1584,1779,3542.5,1681.5,38
805,NYALE-04_000805.JPG,4027,4251,491,693,4139.0,592.0,33
805,NYALE-04_000805.JPG,3420,3665,1584,1779,3542.5,1681.5,38
806,NYALE-04_000806.JPG,4017,4244,489,703,4130.5,596.0,33
806,NYALE-04_000806.JPG,3427,3660,1569,1781,3543.5,1675.0,38
809,NYALE-04_000809.JPG,4012,4247,489,705,4129.5,597.0,33
809,NYALE-04_000809.JPG,3425,3662,1567,1781,3543.5,1674.0,38
812,NYALE-04_000812.JPG,4012,4250,488,698,4131.0,593.0,33
812,NYALE-04_000812.JPG,3427,3653,1566,1785,3540.0,1675.5,38
813,NYALE-04_000813.JPG,4012,4250,488,698,4131.0,593.0,33
813,NYALE-04_000813.JPG,3420,3665,1584,1779,3542.5,1681.5,38
814,NYALE-04_000814.JPG,4013,4246,489,701,4129.5,595.0,33
814,NYALE-04_000814.JPG,3429,3656,1570,1778,3542.5,1674.0,38
815,NYALE-04_000815.JPG,4020,4238,496,705,4129.0,600.5,33
815,NYALE-04_000815.JPG,3439,3653,1566,1774,3546.0,1670.0,38
819,NYALE-04_000819.JPG,4018,4234,499,705,4126.0,602.0,33
819,NYALE-04_000819.JPG,3445,3646,1572,1776,3545.5,1674.0,38
825,NYALE-04_000825.JPG,3458,3641,1562,1751,3549.5,1656.5,38
827,NYALE-04_000827.JPG,3428,3673,1556,1751,3550.5,1653.5,38
828,NYALE-04_000828.JPG,3451,3645,1563,1739,3548.0,1651.0,38
830,NYALE-04_000830.JPG,3453,3650,1563,1749,3551.5,1656.0,38
836,NYALE-04_000836.JPG,3452,3639,1575,1750,3545.5,1662.5,38
